timeOpen;timeClose;timeHigh;timeLow;open;high;low;close;volume;marketCap;timestamp
"2023-09-10T00:00:00.000Z";"2023-09-10T23:59:59.999Z";"2023-09-10T00:31:00.000Z";"2023-09-10T17:32:00.000Z";0.0391894499;0.0392268623;0.0377081665;0.038210055;1896632.35;128093281.75;"2023-09-10T23:59:59.999Z"
"2023-09-09T00:00:00.000Z";"2023-09-09T23:59:59.999Z";"2023-09-09T05:04:00.000Z";"2023-09-09T17:41:00.000Z";0.0394026747;0.0394696058;0.0390078044;0.0391869808;1084280.41;131347017.29;"2023-09-09T23:59:59.999Z"
"2023-09-08T00:00:00.000Z";"2023-09-08T23:59:59.999Z";"2023-09-08T01:56:00.000Z";"2023-09-08T18:33:00.000Z";0.039465873;0.0401290202;0.0389464482;0.0394030957;4377904.92;132050029.97;"2023-09-08T23:59:59.999Z"
"2023-09-07T00:00:00.000Z";"2023-09-07T23:59:59.999Z";"2023-09-07T00:01:00.000Z";"2023-09-07T13:06:00.000Z";0.0396822299;0.03968313;0.0387584368;0.0394685248;2247192.72;132247901.85;"2023-09-07T23:59:59.999Z"
"2023-09-06T00:00:00.000Z";"2023-09-06T23:59:59.999Z";"2023-09-06T02:46:00.000Z";"2023-09-06T00:57:00.000Z";0.0384075355;0.040253239;0.0382051843;0.0396830433;8950497.94;132945186.55;"2023-09-06T23:59:59.999Z"
"2023-09-05T00:00:00.000Z";"2023-09-05T23:59:59.999Z";"2023-09-05T23:24:00.000Z";"2023-09-05T14:48:00.000Z";0.0383067227;0.0384469664;0.0378189252;0.0384047842;1703149.29;128641980.68;"2023-09-05T23:59:59.999Z"
"2023-09-04T00:00:00.000Z";"2023-09-04T23:59:59.999Z";"2023-09-04T03:22:00.000Z";"2023-09-04T22:28:00.000Z";0.0388406702;0.0392136997;0.03794354;0.0383044396;1750377.77;128285105.27;"2023-09-04T23:59:59.999Z"
"2023-09-03T00:00:00.000Z";"2023-09-03T23:59:59.999Z";"2023-09-03T04:46:00.000Z";"2023-09-03T00:52:00.000Z";0.0387670553;0.0391081578;0.0385021314;0.0388425597;1074308.45;130066275;"2023-09-03T23:59:59.999Z"
"2023-09-02T00:00:00.000Z";"2023-09-02T23:59:59.999Z";"2023-09-02T16:19:00.000Z";"2023-09-02T13:22:00.000Z";0.0386308598;0.0388242009;0.0379788033;0.038762975;1498099.34;129778778.58;"2023-09-02T23:59:59.999Z"
"2023-09-01T00:00:00.000Z";"2023-09-01T23:59:59.999Z";"2023-09-01T00:31:00.000Z";"2023-09-01T17:47:00.000Z";0.0390093864;0.0391449541;0.0378443119;0.0386289743;1798669.18;129309211.97;"2023-09-01T23:59:59.999Z"
"2023-08-31T00:00:00.000Z";"2023-08-31T23:59:59.999Z";"2023-08-31T11:52:00.000Z";"2023-08-31T21:10:00.000Z";0.0405900517;0.0406100434;0.0388711842;0.0390059823;1460771.36;130550128.72;"2023-08-31T23:59:59.999Z"
"2023-08-30T00:00:00.000Z";"2023-08-30T23:59:59.999Z";"2023-08-30T00:00:00.000Z";"2023-08-30T18:15:00.000Z";0.0415443724;0.0415443724;0.0404639736;0.0405907212;1489834.74;135832044.43;"2023-08-30T23:59:59.999Z"
"2023-08-29T00:00:00.000Z";"2023-08-29T23:59:59.999Z";"2023-08-29T17:01:00.000Z";"2023-08-29T12:37:00.000Z";0.0405046684;0.0416792835;0.0395946829;0.0415435179;2142534.75;139001247.58;"2023-08-29T23:59:59.999Z"
"2023-08-28T00:00:00.000Z";"2023-08-28T23:59:59.999Z";"2023-08-28T00:07:00.000Z";"2023-08-28T10:13:00.000Z";0.0411845011;0.0412719701;0.039963141;0.0405134041;1686426.42;135532640;"2023-08-28T23:59:59.999Z"
"2023-08-27T00:00:00.000Z";"2023-08-27T23:59:59.999Z";"2023-08-27T00:08:00.000Z";"2023-08-27T03:17:00.000Z";0.0410046544;0.0417733712;0.0407035824;0.0411873664;2062461.14;137764991.79;"2023-08-27T23:59:59.999Z"
"2023-08-26T00:00:00.000Z";"2023-08-26T23:59:59.999Z";"2023-08-26T05:11:00.000Z";"2023-08-26T00:10:00.000Z";0.0407372811;0.0410509587;0.0404886538;0.0410055596;1437365.03;137134695.87;"2023-08-26T23:59:59.999Z"
"2023-08-25T00:00:00.000Z";"2023-08-25T23:59:59.999Z";"2023-08-25T23:55:00.000Z";"2023-08-25T05:37:00.000Z";0.0407247512;0.040741529;0.0399871628;0.0407356224;1934672.45;136209901.34;"2023-08-25T23:59:59.999Z"
"2023-08-24T00:00:00.000Z";"2023-08-24T23:59:59.999Z";"2023-08-24T13:07:00.000Z";"2023-08-24T17:42:00.000Z";0.0412805135;0.0413006999;0.0405304596;0.0407168326;1476333.31;136125033.41;"2023-08-24T23:59:59.999Z"
"2023-08-23T00:00:00.000Z";"2023-08-23T23:59:59.999Z";"2023-08-23T20:28:00.000Z";"2023-08-23T13:16:00.000Z";0.0406989831;0.0416440058;0.0402345352;0.0412888574;1435990.36;138015110.31;"2023-08-23T23:59:59.999Z"
"2023-08-22T00:00:00.000Z";"2023-08-22T23:59:59.999Z";"2023-08-22T00:43:00.000Z";"2023-08-22T21:48:00.000Z";0.0411214331;0.0424256215;0.039845066;0.0407167278;3811602.33;136080638.74;"2023-08-22T23:59:59.999Z"
"2023-08-21T00:00:00.000Z";"2023-08-21T23:59:59.999Z";"2023-08-21T00:02:00.000Z";"2023-08-21T15:49:00.000Z";0.0420071744;0.0420263782;0.0407491505;0.0411182214;1410799.15;137400253.03;"2023-08-21T23:59:59.999Z"
"2023-08-20T00:00:00.000Z";"2023-08-20T23:59:59.999Z";"2023-08-20T23:57:00.000Z";"2023-08-20T00:11:00.000Z";0.0412619013;0.0420254303;0.0411359652;0.0420107001;1592810.27;140367715.62;"2023-08-20T23:59:59.999Z"
"2023-08-19T00:00:00.000Z";"2023-08-19T23:59:59.999Z";"2023-08-19T17:05:00.000Z";"2023-08-19T00:05:00.000Z";0.0405278023;0.0414881111;0.0404236285;0.0412540504;1627274.88;137823965.7;"2023-08-19T23:59:59.999Z"
"2023-08-18T00:00:00.000Z";"2023-08-18T23:59:59.999Z";"2023-08-18T06:58:00.000Z";"2023-08-18T04:58:00.000Z";0.0397869806;0.0412325954;0.0395914733;0.0405264757;3386630.88;135378846.58;"2023-08-18T23:59:59.999Z"
"2023-08-17T00:00:00.000Z";"2023-08-17T23:59:59.999Z";"2023-08-17T04:18:00.000Z";"2023-08-17T21:55:00.000Z";0.0435223501;0.0438486538;0.038502013;0.0397750685;3731749.4;132854523.94;"2023-08-17T23:59:59.999Z"
"2023-08-16T00:00:00.000Z";"2023-08-16T23:59:59.999Z";"2023-08-16T00:06:00.000Z";"2023-08-16T21:28:00.000Z";0.0469635494;0.0469873041;0.0433590532;0.043523785;4247438.74;145359125.45;"2023-08-16T23:59:59.999Z"
"2023-08-15T00:00:00.000Z";"2023-08-15T23:59:59.999Z";"2023-08-15T00:01:00.000Z";"2023-08-15T23:53:00.000Z";0.0492675984;0.0492808337;0.0469380131;0.0469628344;2400833.14;156828057.79;"2023-08-15T23:59:59.999Z"
"2023-08-14T00:00:00.000Z";"2023-08-14T23:59:59.999Z";"2023-08-14T22:53:00.000Z";"2023-08-14T02:28:00.000Z";0.049117549;0.0493271241;0.0487818728;0.0492699727;1837598.29;164513793.16;"2023-08-14T23:59:59.999Z"
"2023-08-13T00:00:00.000Z";"2023-08-13T23:59:59.999Z";"2023-08-13T20:41:00.000Z";"2023-08-13T15:32:00.000Z";0.0494469642;0.0494596621;0.0490078802;0.0491193912;1259833.63;163944125.5;"2023-08-13T23:59:59.999Z"
"2023-08-12T00:00:00.000Z";"2023-08-12T23:59:59.999Z";"2023-08-12T18:59:00.000Z";"2023-08-12T04:07:00.000Z";0.0492078428;0.049585966;0.0488849363;0.0494432172;1310120.49;165024948.28;"2023-08-12T23:59:59.999Z"
"2023-08-11T00:00:00.000Z";"2023-08-11T23:59:59.999Z";"2023-08-11T23:35:00.000Z";"2023-08-11T04:32:00.000Z";0.0490129276;0.0493217315;0.0488667052;0.0492057725;2169750.48;164232437.29;"2023-08-11T23:59:59.999Z"
"2023-08-10T00:00:00.000Z";"2023-08-10T23:59:59.999Z";"2023-08-10T00:45:00.000Z";"2023-08-10T09:13:00.000Z";0.049354182;0.0493641072;0.0484729825;0.0490075306;1845532.32;163557535.8;"2023-08-10T23:59:59.999Z"
"2023-08-09T00:00:00.000Z";"2023-08-09T23:59:59.999Z";"2023-08-09T07:52:00.000Z";"2023-08-09T21:16:00.000Z";0.0495660864;0.0496479332;0.0490664861;0.0493578277;1845903.07;164708991.57;"2023-08-09T23:59:59.999Z"
"2023-08-08T00:00:00.000Z";"2023-08-08T23:59:59.999Z";"2023-08-08T21:25:00.000Z";"2023-08-08T03:51:00.000Z";0.0491706087;0.0499786778;0.0486911249;0.0495653406;1678201.89;165383810.88;"2023-08-08T23:59:59.999Z"
"2023-08-07T00:00:00.000Z";"2023-08-07T23:59:59.999Z";"2023-08-07T03:08:00.000Z";"2023-08-07T16:19:00.000Z";0.0500360534;0.0501065305;0.0484293495;0.049171738;3200185.63;164051762.65;"2023-08-07T23:59:59.999Z"
"2023-08-06T00:00:00.000Z";"2023-08-06T23:59:59.999Z";"2023-08-06T00:59:00.000Z";"2023-08-06T00:10:00.000Z";0.0499274922;0.0506620698;0.0497594533;0.0500402976;5384365.4;166931944.5;"2023-08-06T23:59:59.999Z"
"2023-08-05T00:00:00.000Z";"2023-08-05T23:59:59.999Z";"2023-08-05T18:59:00.000Z";"2023-08-05T08:19:00.000Z";0.0498812843;0.0502227407;0.049366682;0.0499286961;2656890.92;166542143.96;"2023-08-05T23:59:59.999Z"
"2023-08-04T00:00:00.000Z";"2023-08-04T23:59:59.999Z";"2023-08-04T00:00:00.000Z";"2023-08-04T20:54:00.000Z";0.0510081003;0.0510081003;0.0493644668;0.049880612;4268550.22;166362575.32;"2023-08-04T23:59:59.999Z"
"2023-08-03T00:00:00.000Z";"2023-08-03T23:59:59.999Z";"2023-08-03T17:31:00.000Z";"2023-08-03T08:21:00.000Z";0.0512521878;0.0513180428;0.0507040634;0.0510017265;2414463.09;170082198.57;"2023-08-03T23:59:59.999Z"
"2023-08-02T00:00:00.000Z";"2023-08-02T23:59:59.999Z";"2023-08-02T00:01:00.000Z";"2023-08-02T17:01:00.000Z";0.0526998542;0.0527094958;0.0508240269;0.0512413724;3833490.03;170863080.85;"2023-08-02T23:59:59.999Z"
"2023-08-01T00:00:00.000Z";"2023-08-01T23:59:59.999Z";"2023-08-01T01:43:00.000Z";"2023-08-01T14:55:00.000Z";0.052144387;0.0538317427;0.0511202969;0.0527199725;14742578.14;175770184.63;"2023-08-01T23:59:59.999Z"
"2023-07-31T00:00:00.000Z";"2023-07-31T23:59:59.999Z";"2023-07-31T04:03:00.000Z";"2023-07-31T20:21:00.000Z";0.0528253498;0.053177733;0.0517888396;0.0521574859;3888513.61;173876296.36;"2023-07-31T23:59:59.999Z"
"2023-07-30T00:00:00.000Z";"2023-07-30T23:59:59.999Z";"2023-07-30T00:02:00.000Z";"2023-07-30T20:25:00.000Z";0.0556670867;0.055708376;0.0521472223;0.0528248885;9182337.91;176081145.19;"2023-07-30T23:59:59.999Z"
"2023-07-29T00:00:00.000Z";"2023-07-29T23:59:59.999Z";"2023-07-29T22:50:00.000Z";"2023-07-29T00:11:00.000Z";0.0537886359;0.0559658169;0.0535411902;0.0556704644;13521536.15;185546687.67;"2023-07-29T23:59:59.999Z"
"2023-07-28T00:00:00.000Z";"2023-07-28T23:59:59.999Z";"2023-07-28T22:24:00.000Z";"2023-07-28T08:09:00.000Z";0.0525933479;0.0539887141;0.0520601534;0.0537973518;10439049.39;179283173.27;"2023-07-28T23:59:59.999Z"
"2023-07-27T00:00:00.000Z";"2023-07-27T23:59:59.999Z";"2023-07-27T00:52:00.000Z";"2023-07-27T18:46:00.000Z";0.0529654779;0.0536582785;0.0519500175;0.0525974795;9868893.47;175264120.08;"2023-07-27T23:59:59.999Z"
"2023-07-26T00:00:00.000Z";"2023-07-26T23:59:59.999Z";"2023-07-26T00:08:00.000Z";"2023-07-26T11:27:00.000Z";0.0550196365;0.0559607415;0.0516671501;0.0529173251;20644410.87;176309602.32;"2023-07-26T23:59:59.999Z"
"2023-07-25T00:00:00.000Z";"2023-07-25T23:59:59.999Z";"2023-07-25T00:41:00.000Z";"2023-07-25T08:41:00.000Z";0.0586949264;0.0621532879;0.0537233798;0.0550170219;51949160.05;183284279.07;"2023-07-25T23:59:59.999Z"
"2023-07-24T00:00:00.000Z";"2023-07-24T23:59:59.999Z";"2023-07-24T05:56:00.000Z";"2023-07-24T00:00:00.000Z";0.0570609645;0.0667532984;0.0570609645;0.0587013866;131272944.51;195537570.03;"2023-07-24T23:59:59.999Z"
"2023-07-23T00:00:00.000Z";"2023-07-23T23:59:59.999Z";"2023-07-23T06:56:00.000Z";"2023-07-23T00:00:00.000Z";0.0547703458;0.0660808458;0.0547703458;0.0572616207;209995249.2;190719899.16;"2023-07-23T23:59:59.999Z"
"2023-07-22T00:00:00.000Z";"2023-07-22T23:59:59.999Z";"2023-07-22T00:00:00.000Z";"2023-07-22T10:40:00.000Z";0.0555631621;0.0555631621;0.0540290531;0.0547778776;6932659.62;182428076.84;"2023-07-22T23:59:59.999Z"
"2023-07-21T00:00:00.000Z";"2023-07-21T23:59:59.999Z";"2023-07-21T20:14:00.000Z";"2023-07-21T00:48:00.000Z";0.0529658553;0.0559142572;0.0522363394;0.0555428704;10876431.41;184954440.65;"2023-07-21T23:59:59.999Z"
"2023-07-20T00:00:00.000Z";"2023-07-20T23:59:59.999Z";"2023-07-20T23:50:00.000Z";"2023-07-20T15:03:00.000Z";0.0523196063;0.053063595;0.0514569111;0.0529769393;4312377.97;176389698.3;"2023-07-20T23:59:59.999Z"
"2023-07-19T00:00:00.000Z";"2023-07-19T23:59:59.999Z";"2023-07-19T08:22:00.000Z";"2023-07-19T00:17:00.000Z";0.0514617995;0.0527755578;0.051276353;0.0523167475;3941691.33;174172864.65;"2023-07-19T23:59:59.999Z"
"2023-07-18T00:00:00.000Z";"2023-07-18T23:59:59.999Z";"2023-07-18T02:08:00.000Z";"2023-07-18T13:14:00.000Z";0.052277475;0.0522815415;0.0509116529;0.0514682521;2457240.95;171329697.53;"2023-07-18T23:59:59.999Z"
"2023-07-17T00:00:00.000Z";"2023-07-17T23:59:59.999Z";"2023-07-17T06:41:00.000Z";"2023-07-17T19:11:00.000Z";0.0520647952;0.0527245145;0.051181563;0.052299748;3585139.36;174069456.17;"2023-07-17T23:59:59.999Z"
"2023-07-16T00:00:00.000Z";"2023-07-16T23:59:59.999Z";"2023-07-16T00:01:00.000Z";"2023-07-16T21:57:00.000Z";0.0534567911;0.0534624467;0.051828583;0.0520543733;2778434.84;173232979.43;"2023-07-16T23:59:59.999Z"
"2023-07-15T00:00:00.000Z";"2023-07-15T23:59:59.999Z";"2023-07-15T00:16:00.000Z";"2023-07-15T03:58:00.000Z";0.051749119;0.0539120719;0.0514275549;0.053453693;19841165.53;177870975.8;"2023-07-15T23:59:59.999Z"
"2023-07-14T00:00:00.000Z";"2023-07-14T23:59:59.999Z";"2023-07-14T17:01:00.000Z";"2023-07-14T19:07:00.000Z";0.0509922961;0.0521303895;0.0497815725;0.0517577721;5318188.69;172209319.19;"2023-07-14T23:59:59.999Z"
"2023-07-13T00:00:00.000Z";"2023-07-13T23:59:59.999Z";"2023-07-13T23:25:00.000Z";"2023-07-13T07:09:00.000Z";0.0504768048;0.0511567532;0.0492679271;0.0509887991;6101656.13;169632480.26;"2023-07-13T23:59:59.999Z"
"2023-07-12T00:00:00.000Z";"2023-07-12T23:59:59.999Z";"2023-07-12T02:49:00.000Z";"2023-07-12T20:06:00.000Z";0.0510363506;0.0519660773;0.0500511099;0.0504822073;6480727.91;167927687.72;"2023-07-12T23:59:59.999Z"
"2023-07-11T00:00:00.000Z";"2023-07-11T23:59:59.999Z";"2023-07-11T05:10:00.000Z";"2023-07-11T19:23:00.000Z";0.051485082;0.055819431;0.0501406149;0.0510342326;37710795.97;169745744.9;"2023-07-11T23:59:59.999Z"
"2023-07-10T00:00:00.000Z";"2023-07-10T23:59:59.999Z";"2023-07-10T08:49:00.000Z";"2023-07-10T00:00:00.000Z";0.0481107948;0.0541392424;0.0481107948;0.0514695998;66049692.24;171175480.97;"2023-07-10T23:59:59.999Z"
"2023-07-09T00:00:00.000Z";"2023-07-09T23:59:59.999Z";"2023-07-09T15:57:00.000Z";"2023-07-09T00:19:00.000Z";0.0475147407;0.0484473735;0.0471077757;0.0481047588;1561323.46;159966501.06;"2023-07-09T23:59:59.999Z"
"2023-07-08T00:00:00.000Z";"2023-07-08T23:59:59.999Z";"2023-07-08T00:01:00.000Z";"2023-07-08T21:38:00.000Z";0.0481942595;0.0482114965;0.0471186914;0.0475644756;818355;158152983.7;"2023-07-08T23:59:59.999Z"
"2023-07-07T00:00:00.000Z";"2023-07-07T23:59:59.999Z";"2023-07-07T17:04:00.000Z";"2023-07-07T01:33:00.000Z";0.0476265886;0.048397679;0.047290198;0.0482039223;1380230.01;160253230.5;"2023-07-07T23:59:59.999Z"
"2023-07-06T00:00:00.000Z";"2023-07-06T23:59:59.999Z";"2023-07-06T00:02:00.000Z";"2023-07-06T23:46:00.000Z";0.0500636228;0.0500810388;0.0475406374;0.0476215954;3150197.24;158298913.58;"2023-07-06T23:59:59.999Z"
"2023-07-05T00:00:00.000Z";"2023-07-05T23:59:59.999Z";"2023-07-05T05:23:00.000Z";"2023-07-05T16:08:00.000Z";0.0504020068;0.0534531937;0.0491219275;0.0500636368;12215705.24;166397204.64;"2023-07-05T23:59:59.999Z"
"2023-07-04T00:00:00.000Z";"2023-07-04T23:59:59.999Z";"2023-07-04T16:23:00.000Z";"2023-07-04T09:07:00.000Z";0.0498387804;0.0517950586;0.0486808674;0.0503961411;6539915.79;167490411.95;"2023-07-04T23:59:59.999Z"
"2023-07-03T00:00:00.000Z";"2023-07-03T23:59:59.999Z";"2023-07-03T00:03:00.000Z";"2023-07-03T00:41:00.000Z";0.049467226;0.0501266572;0.0490073432;0.0498341406;4636660.83;165604780.78;"2023-07-03T23:59:59.999Z"
"2023-07-02T00:00:00.000Z";"2023-07-02T23:59:59.999Z";"2023-07-02T00:10:00.000Z";"2023-07-02T07:16:00.000Z";0.0496691194;0.0497265143;0.048258144;0.0494634852;2580125.53;164354182.25;"2023-07-02T23:59:59.999Z"
"2023-07-01T00:00:00.000Z";"2023-07-01T23:59:59.999Z";"2023-07-01T21:29:00.000Z";"2023-07-01T04:40:00.000Z";0.0471072436;0.0501357709;0.0466407419;0.0496683789;4367697.95;165017377.76;"2023-07-01T23:59:59.999Z"
"2023-06-30T00:00:00.000Z";"2023-06-30T23:59:59.999Z";"2023-06-30T13:32:00.000Z";"2023-06-30T13:52:00.000Z";0.0457912957;0.0475337562;0.0446014288;0.0470952938;3274832.88;156451670.02;"2023-06-30T23:59:59.999Z"
"2023-06-29T00:00:00.000Z";"2023-06-29T23:59:59.999Z";"2023-06-29T12:30:00.000Z";"2023-06-29T00:05:00.000Z";0.0449573787;0.0461789268;0.0447947885;0.04572353;1924487.5;151878128.1;"2023-06-29T23:59:59.999Z"
"2023-06-28T00:00:00.000Z";"2023-06-28T23:59:59.999Z";"2023-06-28T00:01:00.000Z";"2023-06-28T23:49:00.000Z";0.0481782879;0.0481816371;0.0449326664;0.0449501913;1855279.85;149293175.55;"2023-06-28T23:59:59.999Z"
"2023-06-27T00:00:00.000Z";"2023-06-27T23:59:59.999Z";"2023-06-27T14:10:00.000Z";"2023-06-27T09:38:00.000Z";0.0479947764;0.0483430335;0.0475213903;0.0481763056;2016820.12;159982092.7;"2023-06-27T23:59:59.999Z"
"2023-06-26T00:00:00.000Z";"2023-06-26T23:59:59.999Z";"2023-06-26T05:53:00.000Z";"2023-06-26T22:09:00.000Z";0.0494997392;0.051346824;0.0476869378;0.047995267;6607136.63;159363405.01;"2023-06-26T23:59:59.999Z"
"2023-06-25T00:00:00.000Z";"2023-06-25T23:59:59.999Z";"2023-06-25T08:42:00.000Z";"2023-06-25T20:56:00.000Z";0.0497716502;0.0505178297;0.0488847392;0.0495084739;3284627.27;164370172.96;"2023-06-25T23:59:59.999Z"
"2023-06-24T00:00:00.000Z";"2023-06-24T23:59:59.999Z";"2023-06-24T00:04:00.000Z";"2023-06-24T00:00:00.000Z";0.0484288721;0.0516749592;0.0484288721;0.0497724045;14944672.6;165227448.29;"2023-06-24T23:59:59.999Z"
"2023-06-23T00:00:00.000Z";"2023-06-23T23:59:59.999Z";"2023-06-23T23:43:00.000Z";"2023-06-23T01:14:00.000Z";0.0461282466;0.0485683121;0.0458549583;0.0484136053;3260204.91;160699302.98;"2023-06-23T23:59:59.999Z"
"2023-06-22T00:00:00.000Z";"2023-06-22T23:59:59.999Z";"2023-06-22T09:13:00.000Z";"2023-06-22T00:10:00.000Z";0.0449620219;0.0471093041;0.0448240366;0.046121725;4823074.76;153074014.88;"2023-06-22T23:59:59.999Z"
"2023-06-21T00:00:00.000Z";"2023-06-21T23:59:59.999Z";"2023-06-21T23:37:00.000Z";"2023-06-21T00:13:00.000Z";0.0429210882;0.0451214284;0.0426937424;0.0449622084;3097999.7;149209444.91;"2023-06-21T23:59:59.999Z"
"2023-06-20T00:00:00.000Z";"2023-06-20T23:59:59.999Z";"2023-06-20T20:52:00.000Z";"2023-06-20T14:41:00.000Z";0.0420331116;0.0430734033;0.0411767331;0.0429201471;2176889.1;142417149.57;"2023-06-20T23:59:59.999Z"
"2023-06-19T00:00:00.000Z";"2023-06-19T23:59:59.999Z";"2023-06-19T12:09:00.000Z";"2023-06-19T00:56:00.000Z";0.0412788851;0.0427213154;0.0410896553;0.042032896;3071479.7;139456978.55;"2023-06-19T23:59:59.999Z"
"2023-06-18T00:00:00.000Z";"2023-06-18T23:59:59.999Z";"2023-06-18T00:16:00.000Z";"2023-06-18T23:54:00.000Z";0.0420144654;0.0420281026;0.0412674422;0.0412762453;1158523.06;136931815.79;"2023-06-18T23:59:59.999Z"
"2023-06-17T00:00:00.000Z";"2023-06-17T23:59:59.999Z";"2023-06-17T06:27:00.000Z";"2023-06-17T00:27:00.000Z";0.0416983946;0.0424280476;0.0413428522;0.042016196;1758635.48;139364026.57;"2023-06-17T23:59:59.999Z"
"2023-06-16T00:00:00.000Z";"2023-06-16T23:59:59.999Z";"2023-06-16T20:45:00.000Z";"2023-06-16T00:39:00.000Z";0.0411761303;0.0418419858;0.0405348626;0.0416994584;1614606.35;138297474.74;"2023-06-16T23:59:59.999Z"
"2023-06-15T00:00:00.000Z";"2023-06-15T23:59:59.999Z";"2023-06-15T23:49:00.000Z";"2023-06-15T09:13:00.000Z";0.0404348453;0.0412160605;0.0396818644;0.0411907986;3474323.94;136595518.38;"2023-06-15T23:59:59.999Z"
"2023-06-14T00:00:00.000Z";"2023-06-14T23:59:59.999Z";"2023-06-14T12:57:00.000Z";"2023-06-14T22:35:00.000Z";0.0423688973;0.0426818888;0.0402176432;0.0404311818;1448306.21;134061880.78;"2023-06-14T23:59:59.999Z"
"2023-06-13T00:00:00.000Z";"2023-06-13T23:59:59.999Z";"2023-06-13T00:38:00.000Z";"2023-06-13T15:31:00.000Z";0.0424328582;0.0432731028;0.0417675154;0.0423692089;2156295.97;140472700.7;"2023-06-13T23:59:59.999Z"
"2023-06-12T00:00:00.000Z";"2023-06-12T23:59:59.999Z";"2023-06-12T22:19:00.000Z";"2023-06-12T02:55:00.000Z";0.0423204311;0.0425467806;0.0413057365;0.0424357388;1389936.06;140677999.32;"2023-06-12T23:59:59.999Z"
"2023-06-11T00:00:00.000Z";"2023-06-11T23:59:59.999Z";"2023-06-11T02:10:00.000Z";"2023-06-11T00:22:00.000Z";0.041849715;0.0433968332;0.0415660021;0.042343867;2642841.12;140357163.9;"2023-06-11T23:59:59.999Z"
"2023-06-10T00:00:00.000Z";"2023-06-10T23:59:59.999Z";"2023-06-10T00:03:00.000Z";"2023-06-10T17:07:00.000Z";0.0479620883;0.0479790777;0.0408443728;0.0418538486;4053752.74;138716911.41;"2023-06-10T23:59:59.999Z"
"2023-06-09T00:00:00.000Z";"2023-06-09T23:59:59.999Z";"2023-06-09T00:04:00.000Z";"2023-06-09T04:30:00.000Z";0.0481239199;0.0488108295;0.0474372668;0.0479618857;2094212.66;158942329.04;"2023-06-09T23:59:59.999Z"
"2023-06-08T00:00:00.000Z";"2023-06-08T23:59:59.999Z";"2023-06-08T15:58:00.000Z";"2023-06-08T03:39:00.000Z";0.0478724534;0.0485400793;0.0470508002;0.0481180213;1559706.69;159442266.05;"2023-06-08T23:59:59.999Z"
"2023-06-07T00:00:00.000Z";"2023-06-07T23:59:59.999Z";"2023-06-07T00:00:00.000Z";"2023-06-07T23:20:00.000Z";0.0504814614;0.0504814614;0.0475871872;0.0478778227;2255854.1;158627845.27;"2023-06-07T23:59:59.999Z"
"2023-06-06T00:00:00.000Z";"2023-06-06T23:59:59.999Z";"2023-06-06T23:31:00.000Z";"2023-06-06T13:22:00.000Z";0.0491466451;0.0506500007;0.0474018794;0.0504865256;2998484.32;167259330.2;"2023-06-06T23:59:59.999Z"
"2023-06-05T00:00:00.000Z";"2023-06-05T23:59:59.999Z";"2023-06-05T00:01:00.000Z";"2023-06-05T19:28:00.000Z";0.0538513763;0.0538515896;0.0485162635;0.0491464376;4275847.42;162793394.41;"2023-06-05T23:59:59.999Z"
"2023-06-04T00:00:00.000Z";"2023-06-04T23:59:59.999Z";"2023-06-04T22:20:00.000Z";"2023-06-04T01:11:00.000Z";0.0535056999;0.0544668645;0.0531369031;0.0538493617;1367959.82;178350785.58;"2023-06-04T23:59:59.999Z"
"2023-06-03T00:00:00.000Z";"2023-06-03T23:59:59.999Z";"2023-06-03T16:16:00.000Z";"2023-06-03T02:46:00.000Z";0.0535420054;0.0536833014;0.0529356854;0.0535082796;1074846.86;177201973.2;"2023-06-03T23:59:59.999Z"
"2023-06-02T00:00:00.000Z";"2023-06-02T23:59:59.999Z";"2023-06-02T23:30:00.000Z";"2023-06-02T00:40:00.000Z";0.0527027578;0.0536302942;0.0522568274;0.053480109;1575206.67;177089454.88;"2023-06-02T23:59:59.999Z"
"2023-06-01T00:00:00.000Z";"2023-06-01T23:59:59.999Z";"2023-06-01T11:43:00.000Z";"2023-06-01T03:07:00.000Z";0.053026625;0.0536974022;0.0520489173;0.0527075235;3541909.73;174510746.4;"2023-06-01T23:59:59.999Z"
"2023-05-31T00:00:00.000Z";"2023-05-31T23:59:59.999Z";"2023-05-31T00:07:00.000Z";"2023-05-31T14:31:00.000Z";0.0546710702;0.0547431743;0.0524349524;0.0530205091;2402411.26;175526490.95;"2023-05-31T23:59:59.999Z"
"2023-05-30T00:00:00.000Z";"2023-05-30T23:59:59.999Z";"2023-05-30T11:51:00.000Z";"2023-05-30T15:32:00.000Z";0.0550106477;0.0550535824;0.0544281796;0.0546901886;1680722.47;181034278.3;"2023-05-30T23:59:59.999Z"
"2023-05-29T00:00:00.000Z";"2023-05-29T23:59:59.999Z";"2023-05-29T00:07:00.000Z";"2023-05-29T17:10:00.000Z";0.0556609088;0.0564284875;0.0548609072;0.0549770687;2606280.26;181964060.23;"2023-05-29T23:59:59.999Z"
"2023-05-28T00:00:00.000Z";"2023-05-28T23:59:59.999Z";"2023-05-28T22:29:00.000Z";"2023-05-28T00:30:00.000Z";0.0544646937;0.0558043713;0.0540872826;0.0556566918;1904444.27;184192086.08;"2023-05-28T23:59:59.999Z"
"2023-05-27T00:00:00.000Z";"2023-05-27T23:59:59.999Z";"2023-05-27T21:41:00.000Z";"2023-05-27T00:54:00.000Z";0.0540454852;0.0544792831;0.0538840562;0.0544427092;903961.35;180155072.26;"2023-05-27T23:59:59.999Z"
"2023-05-26T00:00:00.000Z";"2023-05-26T23:59:59.999Z";"2023-05-26T20:16:00.000Z";"2023-05-26T06:08:00.000Z";0.0539929491;0.0544320432;0.053115174;0.054031262;2199039.59;178772546.59;"2023-05-26T23:59:59.999Z"
"2023-05-25T00:00:00.000Z";"2023-05-25T23:59:59.999Z";"2023-05-25T00:58:00.000Z";"2023-05-25T01:36:00.000Z";0.053687973;0.0543701859;0.0527681353;0.0539895784;3366435.31;178615034.19;"2023-05-25T23:59:59.999Z"
"2023-05-24T00:00:00.000Z";"2023-05-24T23:59:59.999Z";"2023-05-24T00:00:00.000Z";"2023-05-24T15:11:00.000Z";0.0562423739;0.0562423739;0.0534219496;0.0537000231;3166693.94;177628389.93;"2023-05-24T23:59:59.999Z"
"2023-05-23T00:00:00.000Z";"2023-05-23T23:59:59.999Z";"2023-05-23T04:12:00.000Z";"2023-05-23T01:04:00.000Z";0.0562270517;0.0569655984;0.0555627028;0.0562326997;2053333.49;185984231.89;"2023-05-23T23:59:59.999Z"
"2023-05-22T00:00:00.000Z";"2023-05-22T23:59:59.999Z";"2023-05-22T22:31:00.000Z";"2023-05-22T02:02:00.000Z";0.0564010908;0.0565132807;0.054993643;0.0562324268;2506503.22;185963081.45;"2023-05-22T23:59:59.999Z"
"2023-05-21T00:00:00.000Z";"2023-05-21T23:59:59.999Z";"2023-05-21T00:00:00.000Z";"2023-05-21T23:38:00.000Z";0.0583270919;0.0583270919;0.0563942834;0.0564102191;1570659.74;186529374.25;"2023-05-21T23:59:59.999Z"
"2023-05-20T00:00:00.000Z";"2023-05-20T23:59:59.999Z";"2023-05-20T00:32:00.000Z";"2023-05-20T11:48:00.000Z";0.0584693986;0.0589926568;0.0577931359;0.0583430809;2192558.61;192898399;"2023-05-20T23:59:59.999Z"
"2023-05-19T00:00:00.000Z";"2023-05-19T23:59:59.999Z";"2023-05-19T00:01:00.000Z";"2023-05-19T15:11:00.000Z";0.0596461588;0.0596787034;0.0582523687;0.058459266;3874501.06;193260145.5;"2023-05-19T23:59:59.999Z"
"2023-05-18T00:00:00.000Z";"2023-05-18T23:59:59.999Z";"2023-05-18T00:07:00.000Z";"2023-05-18T00:00:00.000Z";0.0582507454;0.0618244869;0.0582507454;0.0596413001;27982914.13;197145996.5;"2023-05-18T23:59:59.999Z"
"2023-05-17T00:00:00.000Z";"2023-05-17T23:59:59.999Z";"2023-05-17T10:07:00.000Z";"2023-05-17T08:54:00.000Z";0.0566625095;0.0602949539;0.0560856913;0.0582343514;13238160.94;192473713;"2023-05-17T23:59:59.999Z"
"2023-05-16T00:00:00.000Z";"2023-05-16T23:59:59.999Z";"2023-05-16T08:01:00.000Z";"2023-05-16T02:25:00.000Z";0.0569958029;0.0570462974;0.0558548927;0.0566655563;1782285.97;187266283.35;"2023-05-16T23:59:59.999Z"
"2023-05-15T00:00:00.000Z";"2023-05-15T23:59:59.999Z";"2023-05-15T12:11:00.000Z";"2023-05-15T01:05:00.000Z";0.0564315724;0.0572330487;0.0554334299;0.0569860318;1669532.41;188304242.23;"2023-05-15T23:59:59.999Z"
"2023-05-14T00:00:00.000Z";"2023-05-14T23:59:59.999Z";"2023-05-14T16:13:00.000Z";"2023-05-14T01:51:00.000Z";0.0562292894;0.0567507973;0.0553071536;0.0564438084;1306178.91;186491636.35;"2023-05-14T23:59:59.999Z"
"2023-05-13T00:00:00.000Z";"2023-05-13T23:59:59.999Z";"2023-05-13T23:18:00.000Z";"2023-05-13T15:03:00.000Z";0.0563489074;0.0564912864;0.0556736294;0.0562309139;1408709.65;184219582.8;"2023-05-13T23:59:59.999Z"
"2023-05-12T00:00:00.000Z";"2023-05-12T23:59:59.999Z";"2023-05-12T00:16:00.000Z";"2023-05-12T06:22:00.000Z";0.0570941675;0.0571051745;0.0540841112;0.0563463281;4741792.18;182128878.86;"2023-05-12T23:59:59.999Z"
"2023-05-11T00:00:00.000Z";"2023-05-11T23:59:59.999Z";"2023-05-11T00:35:00.000Z";"2023-05-11T19:48:00.000Z";0.0596410993;0.0596464897;0.0560353818;0.0571053492;2707835.69;182089435.99;"2023-05-11T23:59:59.999Z"
"2023-05-10T00:00:00.000Z";"2023-05-10T23:59:59.999Z";"2023-05-10T16:20:00.000Z";"2023-05-10T09:20:00.000Z";0.0588585424;0.0600845079;0.0577951786;0.0596250303;3019313.24;187520822.17;"2023-05-10T23:59:59.999Z"
"2023-05-09T00:00:00.000Z";"2023-05-09T23:59:59.999Z";"2023-05-09T11:52:00.000Z";"2023-05-09T00:43:00.000Z";0.0583930878;0.0592342815;0.0577483518;0.0588621731;2418849.22;182558196.62;"2023-05-09T23:59:59.999Z"
"2023-05-08T00:00:00.000Z";"2023-05-08T23:59:59.999Z";"2023-05-08T00:01:00.000Z";"2023-05-08T21:13:00.000Z";0.0627510608;0.0629230023;0.0574703347;0.058353226;4858224.9;178433402.04;"2023-05-08T23:59:59.999Z"
"2023-05-07T00:00:00.000Z";"2023-05-07T23:59:59.999Z";"2023-05-07T14:41:00.000Z";"2023-05-07T23:59:00.000Z";0.0638906103;0.0639892697;0.0627782798;0.0627782798;1679179.69;189224395.93;"2023-05-07T23:59:59.999Z"
"2023-05-06T00:00:00.000Z";"2023-05-06T23:59:59.999Z";"2023-05-06T00:01:00.000Z";"2023-05-06T15:05:00.000Z";0.0658934259;0.065902844;0.0628723455;0.0638624325;2503979.5;189704579.62;"2023-05-06T23:59:59.999Z"
"2023-05-05T00:00:00.000Z";"2023-05-05T23:59:59.999Z";"2023-05-05T16:29:00.000Z";"2023-05-05T01:24:00.000Z";0.0647132386;0.0664573117;0.0644148225;0.0658927371;2232949.72;192852933.64;"2023-05-05T23:59:59.999Z"
"2023-05-04T00:00:00.000Z";"2023-05-04T23:59:59.999Z";"2023-05-04T00:03:00.000Z";"2023-05-04T19:19:00.000Z";0.0661472461;0.0677289197;0.0642225185;0.0647212433;6830345.42;186594511.03;"2023-05-04T23:59:59.999Z"
"2023-05-03T00:00:00.000Z";"2023-05-03T23:59:59.999Z";"2023-05-03T23:58:00.000Z";"2023-05-03T13:26:00.000Z";0.0649441622;0.0661444159;0.0631614794;0.066125743;3613514.65;187745311.65;"2023-05-03T23:59:59.999Z"
"2023-05-02T00:00:00.000Z";"2023-05-02T23:59:59.999Z";"2023-05-02T23:07:00.000Z";"2023-05-02T05:13:00.000Z";0.0648573407;0.0651244212;0.063660081;0.0649411565;2679489.12;181543550.25;"2023-05-02T23:59:59.999Z"
"2023-05-01T00:00:00.000Z";"2023-05-01T23:59:59.999Z";"2023-05-01T00:00:00.000Z";"2023-05-01T19:21:00.000Z";0.0678131454;0.0678131454;0.0639275785;0.0648917581;3090762.37;178570789.5;"2023-05-01T23:59:59.999Z"
"2023-04-30T00:00:00.000Z";"2023-04-30T23:59:59.999Z";"2023-04-30T00:20:00.000Z";"2023-04-30T20:24:00.000Z";0.0687855495;0.0691363893;0.0677072467;0.0678252069;2660380.29;182916758.49;"2023-04-30T23:59:59.999Z"
"2023-04-29T00:00:00.000Z";"2023-04-29T23:59:59.999Z";"2023-04-29T00:02:00.000Z";"2023-04-29T00:56:00.000Z";0.0688494509;0.070624439;0.0683171314;0.0687918487;13393087.43;185500357.72;"2023-04-29T23:59:59.999Z"
"2023-04-28T00:00:00.000Z";"2023-04-28T23:59:59.999Z";"2023-04-28T22:52:00.000Z";"2023-04-28T13:47:00.000Z";0.0684469807;0.0691123394;0.0671484402;0.0688465935;22904803.34;185622455.89;"2023-04-28T23:59:59.999Z"
"2023-04-27T00:00:00.000Z";"2023-04-27T23:59:59.999Z";"2023-04-27T09:32:00.000Z";"2023-04-27T07:07:00.000Z";0.0675987622;0.0691673276;0.0666713417;0.0684453313;9339419.48;184515735.52;"2023-04-27T23:59:59.999Z"
"2023-04-26T00:00:00.000Z";"2023-04-26T23:59:59.999Z";"2023-04-26T07:49:00.000Z";"2023-04-26T20:34:00.000Z";0.0675776165;0.0697560905;0.0660019835;0.0676098421;10776645.53;181532894.22;"2023-04-26T23:59:59.999Z"
"2023-04-25T00:00:00.000Z";"2023-04-25T23:59:59.999Z";"2023-04-25T21:21:00.000Z";"2023-04-25T08:29:00.000Z";0.0667218651;0.0679747527;0.0641290095;0.0675888382;4550818.81;179989205.62;"2023-04-25T23:59:59.999Z"
"2023-04-24T00:00:00.000Z";"2023-04-24T23:59:59.999Z";"2023-04-24T01:22:00.000Z";"2023-04-24T08:59:00.000Z";0.0683294617;0.0688332047;0.0656461143;0.0667495966;4011809.34;176284903.94;"2023-04-24T23:59:59.999Z"
"2023-04-23T00:00:00.000Z";"2023-04-23T23:59:59.999Z";"2023-04-23T00:01:00.000Z";"2023-04-23T19:00:00.000Z";0.0694275257;0.0694641523;0.0671126585;0.0683280532;2430871.5;178949670.15;"2023-04-23T23:59:59.999Z"
"2023-04-22T00:00:00.000Z";"2023-04-22T23:59:59.999Z";"2023-04-22T23:10:00.000Z";"2023-04-22T10:32:00.000Z";0.0687837608;0.069737243;0.0676264397;0.0694245367;3548872.71;181017664.53;"2023-04-22T23:59:59.999Z"
"2023-04-21T00:00:00.000Z";"2023-04-21T23:59:59.999Z";"2023-04-21T09:01:00.000Z";"2023-04-21T22:39:00.000Z";0.0718837415;0.0721455944;0.068071327;0.0687877948;7442403.21;179333044.8;"2023-04-21T23:59:59.999Z"
"2023-04-20T00:00:00.000Z";"2023-04-20T23:59:59.999Z";"2023-04-20T21:19:00.000Z";"2023-04-20T03:10:00.000Z";0.0703166643;0.0724517142;0.0688797066;0.0718669629;9179293.57;187336174.86;"2023-04-20T23:59:59.999Z"
"2023-04-19T00:00:00.000Z";"2023-04-19T23:59:59.999Z";"2023-04-19T05:13:00.000Z";"2023-04-19T23:28:00.000Z";0.0763666607;0.0771670924;0.0698990923;0.0703274893;12666935.4;182564370.26;"2023-04-19T23:59:59.999Z"
"2023-04-18T00:00:00.000Z";"2023-04-18T23:59:59.999Z";"2023-04-18T13:37:00.000Z";"2023-04-18T01:17:00.000Z";0.0730831494;0.0948274298;0.0723186864;0.0763617153;33728265.24;196539516.22;"2023-04-18T23:59:59.999Z"
"2023-04-17T00:00:00.000Z";"2023-04-17T23:59:59.999Z";"2023-04-17T00:04:00.000Z";"2023-04-17T15:47:00.000Z";0.0746036755;0.0746673983;0.0721612112;0.073080678;4870019.64;180885089.38;"2023-04-17T23:59:59.999Z"
"2023-04-16T00:00:00.000Z";"2023-04-16T23:59:59.999Z";"2023-04-16T22:12:00.000Z";"2023-04-16T04:03:00.000Z";0.0742683113;0.0749759725;0.0735038126;0.0745926999;3912012.93;182986961.86;"2023-04-16T23:59:59.999Z"
"2023-04-15T00:00:00.000Z";"2023-04-15T23:59:59.999Z";"2023-04-15T23:46:00.000Z";"2023-04-15T01:34:00.000Z";0.0744263099;0.0745099129;0.0734635845;0.0742651596;3314932.53;182157061.67;"2023-04-15T23:59:59.999Z"
"2023-04-14T00:00:00.000Z";"2023-04-14T23:59:59.999Z";"2023-04-14T06:39:00.000Z";"2023-04-14T16:52:00.000Z";0.0739260051;0.0755763419;0.0731478435;0.0744795792;5824967.04;182656653.52;"2023-04-14T23:59:59.999Z"
"2023-04-13T00:00:00.000Z";"2023-04-13T23:59:59.999Z";"2023-04-13T22:31:00.000Z";"2023-04-13T00:11:00.000Z";0.0728670267;0.0740768282;0.072513244;0.0739337376;5806380.43;181293201.86;"2023-04-13T23:59:59.999Z"
"2023-04-12T00:00:00.000Z";"2023-04-12T23:59:59.999Z";"2023-04-12T00:00:00.000Z";"2023-04-12T11:43:00.000Z";0.0748547054;0.0748547054;0.0715935266;0.0729797959;6176217.31;178934748.87;"2023-04-12T23:59:59.999Z"
"2023-04-11T00:00:00.000Z";"2023-04-11T23:59:59.999Z";"2023-04-11T05:46:00.000Z";"2023-04-11T17:25:00.000Z";0.0748112054;0.0761198029;0.0743218187;0.0748282206;8590348.78;183440146.9;"2023-04-11T23:59:59.999Z"
"2023-04-10T00:00:00.000Z";"2023-04-10T23:59:59.999Z";"2023-04-10T23:21:00.000Z";"2023-04-10T05:07:00.000Z";0.0736983536;0.0750261152;0.0719725351;0.074820882;8595246.65;183397469.56;"2023-04-10T23:59:59.999Z"
"2023-04-09T00:00:00.000Z";"2023-04-09T23:59:59.999Z";"2023-04-09T00:01:00.000Z";"2023-04-09T14:40:00.000Z";0.075235227;0.0752751201;0.0714974654;0.0736952737;7353162.92;179774156.86;"2023-04-09T23:59:59.999Z"
"2023-04-08T00:00:00.000Z";"2023-04-08T23:59:59.999Z";"2023-04-08T00:01:00.000Z";"2023-04-08T21:44:00.000Z";0.0770107442;0.0771081019;0.0745713075;0.0752325856;7746856.57;183498994.16;"2023-04-08T23:59:59.999Z"
"2023-04-07T00:00:00.000Z";"2023-04-07T23:59:59.999Z";"2023-04-07T07:25:00.000Z";"2023-04-07T03:37:00.000Z";0.0746776006;0.0807233311;0.0730923025;0.0769725221;30275453.95;188580775.55;"2023-04-07T23:59:59.999Z"
"2023-04-06T00:00:00.000Z";"2023-04-06T23:59:59.999Z";"2023-04-06T00:01:00.000Z";"2023-04-06T13:49:00.000Z";0.0766496072;0.0769684292;0.0728429191;0.074680532;12218592.91;182930704.55;"2023-04-06T23:59:59.999Z"
"2023-04-05T00:00:00.000Z";"2023-04-05T23:59:59.999Z";"2023-04-05T23:37:00.000Z";"2023-04-05T00:13:00.000Z";0.0697772287;0.0777477203;0.0695911735;0.0764695757;29965246.34;187287342.24;"2023-04-05T23:59:59.999Z"
"2023-04-04T00:00:00.000Z";"2023-04-04T23:59:59.999Z";"2023-04-04T13:33:00.000Z";"2023-04-04T02:04:00.000Z";0.0683451778;0.070322149;0.0681357685;0.0697584535;5577810.49;169329546.9;"2023-04-04T23:59:59.999Z"
"2023-04-03T00:00:00.000Z";"2023-04-03T23:59:59.999Z";"2023-04-03T01:35:00.000Z";"2023-04-03T21:04:00.000Z";0.069505625;0.069645167;0.0669604078;0.0683510309;5414844.87;165890703.3;"2023-04-03T23:59:59.999Z"
"2023-04-02T00:00:00.000Z";"2023-04-02T23:59:59.999Z";"2023-04-02T04:20:00.000Z";"2023-04-02T16:40:00.000Z";0.071704881;0.072013287;0.068887306;0.0696661788;5141743.58;169058731.43;"2023-04-02T23:59:59.999Z"
"2023-04-01T00:00:00.000Z";"2023-04-01T23:59:59.999Z";"2023-04-01T11:31:00.000Z";"2023-04-01T00:00:00.000Z";0.0701344527;0.0723182074;0.0701344527;0.071481889;8144281.95;173445914.59;"2023-04-01T23:59:59.999Z"
"2023-03-31T00:00:00.000Z";"2023-03-31T23:59:59.999Z";"2023-03-31T14:31:00.000Z";"2023-03-31T00:02:00.000Z";0.0674192234;0.0712810382;0.067388278;0.0701496243;20464955.13;170183766.28;"2023-03-31T23:59:59.999Z"
"2023-03-30T00:00:00.000Z";"2023-03-30T23:59:59.999Z";"2023-03-30T02:46:00.000Z";"2023-03-30T18:12:00.000Z";0.0688259469;0.0696034365;0.0666724938;0.0674178193;4286770.36;163523558.69;"2023-03-30T23:59:59.999Z"
"2023-03-29T00:00:00.000Z";"2023-03-29T23:59:59.999Z";"2023-03-29T23:42:00.000Z";"2023-03-29T01:03:00.000Z";0.0658895303;0.0688293026;0.0653945483;0.0688119324;4578250.25;166880705.38;"2023-03-29T23:59:59.999Z"
"2023-03-28T00:00:00.000Z";"2023-03-28T23:59:59.999Z";"2023-03-28T00:04:00.000Z";"2023-03-28T01:16:00.000Z";0.0652041236;0.0661260147;0.0635914564;0.0658847702;7408046.62;159759219.03;"2023-03-28T23:59:59.999Z"
"2023-03-27T00:00:00.000Z";"2023-03-27T23:59:59.999Z";"2023-03-27T00:03:00.000Z";"2023-03-27T15:15:00.000Z";0.0684642217;0.0684977452;0.0634711139;0.0651931288;5575025.2;158060330.21;"2023-03-27T23:59:59.999Z"
"2023-03-26T00:00:00.000Z";"2023-03-26T23:59:59.999Z";"2023-03-26T13:49:00.000Z";"2023-03-26T00:23:00.000Z";0.0679391005;0.0688922453;0.0677551669;0.0684754098;2846674.97;165994027.42;"2023-03-26T23:59:59.999Z"
"2023-03-25T00:00:00.000Z";"2023-03-25T23:59:59.999Z";"2023-03-25T17:11:00.000Z";"2023-03-25T00:14:00.000Z";0.067155938;0.0688972615;0.0670095008;0.0679355365;5638400.68;164661994.1;"2023-03-25T23:59:59.999Z"
"2023-03-24T00:00:00.000Z";"2023-03-24T23:59:59.999Z";"2023-03-24T00:20:00.000Z";"2023-03-24T21:45:00.000Z";0.0696438458;0.0696738984;0.0664751156;0.067152161;2944814.76;162739525.7;"2023-03-24T23:59:59.999Z"
"2023-03-23T00:00:00.000Z";"2023-03-23T23:59:59.999Z";"2023-03-23T15:54:00.000Z";"2023-03-23T02:04:00.000Z";0.0672988241;0.0700876478;0.0666765034;0.0696358854;5127873.26;168735463.61;"2023-03-23T23:59:59.999Z"
"2023-03-22T00:00:00.000Z";"2023-03-22T23:59:59.999Z";"2023-03-22T00:29:00.000Z";"2023-03-22T20:16:00.000Z";0.0716045587;0.0720494592;0.0665006574;0.0672918221;7910512.83;163032011.67;"2023-03-22T23:59:59.999Z"
"2023-03-21T00:00:00.000Z";"2023-03-21T23:59:59.999Z";"2023-03-21T00:00:00.000Z";"2023-03-21T08:29:00.000Z";0.0731047718;0.0731047718;0.0679701398;0.0715817476;11188957.95;173399913.2;"2023-03-21T23:59:59.999Z"
"2023-03-20T00:00:00.000Z";"2023-03-20T23:59:59.999Z";"2023-03-20T13:38:00.000Z";"2023-03-20T04:05:00.000Z";0.0720925618;0.075318845;0.070835272;0.0732475402;22755410.28;177410216.28;"2023-03-20T23:59:59.999Z"
"2023-03-19T00:00:00.000Z";"2023-03-19T23:59:59.999Z";"2023-03-19T23:44:00.000Z";"2023-03-19T00:07:00.000Z";0.0702313654;0.0728817383;0.0700594278;0.0721038714;6425486.77;174607130.66;"2023-03-19T23:59:59.999Z"
"2023-03-18T00:00:00.000Z";"2023-03-18T23:59:59.999Z";"2023-03-18T14:39:00.000Z";"2023-03-18T23:53:00.000Z";0.0718235581;0.0733362363;0.0701055164;0.0702301923;9956099.37;170045081.06;"2023-03-18T23:59:59.999Z"
"2023-03-17T00:00:00.000Z";"2023-03-17T23:59:59.999Z";"2023-03-17T23:40:00.000Z";"2023-03-17T01:12:00.000Z";0.068255435;0.0719357594;0.0674198138;0.07184037;7719966.27;173917433.16;"2023-03-17T23:59:59.999Z"
"2023-03-16T00:00:00.000Z";"2023-03-16T23:59:59.999Z";"2023-03-16T23:50:00.000Z";"2023-03-16T04:47:00.000Z";0.066823519;0.0684505587;0.0658724375;0.0682690345;7175423.22;165248304.05;"2023-03-16T23:59:59.999Z"
"2023-03-15T00:00:00.000Z";"2023-03-15T23:59:59.999Z";"2023-03-15T01:47:00.000Z";"2023-03-15T17:05:00.000Z";0.0722203241;0.0725756883;0.0660287802;0.0668179413;9679692.48;161712127.33;"2023-03-15T23:59:59.999Z"
"2023-03-14T00:00:00.000Z";"2023-03-14T23:59:59.999Z";"2023-03-14T16:14:00.000Z";"2023-03-14T08:17:00.000Z";0.0696214688;0.0736432691;0.0683428918;0.0722292074;19019648.26;174792612.37;"2023-03-14T23:59:59.999Z"
"2023-03-13T00:00:00.000Z";"2023-03-13T23:59:59.999Z";"2023-03-13T22:42:00.000Z";"2023-03-13T09:41:00.000Z";0.0646990627;0.0699959468;0.0627333959;0.0696554514;12879314.3;168539709.64;"2023-03-13T23:59:59.999Z"
"2023-03-12T00:00:00.000Z";"2023-03-12T23:59:59.999Z";"2023-03-12T23:59:00.000Z";"2023-03-12T16:52:00.000Z";0.0610665668;0.0646911789;0.0588811564;0.0646911789;5524525.93;156506504.32;"2023-03-12T23:59:59.999Z"
"2023-03-11T00:00:00.000Z";"2023-03-11T23:59:59.999Z";"2023-03-11T07:08:00.000Z";"2023-03-11T16:10:00.000Z";0.061024007;0.0647028513;0.0594217236;0.0610419992;16927836.71;147657402.13;"2023-03-11T23:59:59.999Z"
"2023-03-10T00:00:00.000Z";"2023-03-10T23:59:59.999Z";"2023-03-10T23:52:00.000Z";"2023-03-10T10:52:00.000Z";0.0597398323;0.061239188;0.0561574881;0.0610185142;8319730.74;147577463.83;"2023-03-10T23:59:59.999Z"
"2023-03-09T00:00:00.000Z";"2023-03-09T23:59:59.999Z";"2023-03-09T14:52:00.000Z";"2023-03-09T22:02:00.000Z";0.0650757031;0.0657861179;0.0588331629;0.0597011334;6925788.86;143083265.92;"2023-03-09T23:59:59.999Z"
"2023-03-08T00:00:00.000Z";"2023-03-08T23:59:59.999Z";"2023-03-08T00:05:00.000Z";"2023-03-08T22:57:00.000Z";0.0681233842;0.0692065797;0.0647423077;0.0650639649;10291698.66;155914137.78;"2023-03-08T23:59:59.999Z"
"2023-03-07T00:00:00.000Z";"2023-03-07T23:59:59.999Z";"2023-03-07T00:00:00.000Z";"2023-03-07T22:13:00.000Z";0.0714623739;0.0714623739;0.0668051206;0.0681082879;7440601.4;163178080.13;"2023-03-07T23:59:59.999Z"
"2023-03-06T00:00:00.000Z";"2023-03-06T23:59:59.999Z";"2023-03-06T19:18:00.000Z";"2023-03-06T05:37:00.000Z";0.0714175416;0.0724353288;0.0686997722;0.0714755206;8681447.46;171221235.27;"2023-03-06T23:59:59.999Z"
"2023-03-05T00:00:00.000Z";"2023-03-05T23:59:59.999Z";"2023-03-05T02:29:00.000Z";"2023-03-05T09:00:00.000Z";0.0721002905;0.0726973623;0.0705307962;0.0714238976;6581733.81;170271458.49;"2023-03-05T23:59:59.999Z"
"2023-03-04T00:00:00.000Z";"2023-03-04T23:59:59.999Z";"2023-03-04T00:36:00.000Z";"2023-03-04T21:47:00.000Z";0.0753081845;0.0761818177;0.0709396017;0.0720944879;8025888.8;172653064.69;"2023-03-04T23:59:59.999Z"
"2023-03-03T00:00:00.000Z";"2023-03-03T23:59:59.999Z";"2023-03-03T00:04:00.000Z";"2023-03-03T02:04:00.000Z";0.082757357;0.0828377781;0.0746866693;0.0753197749;14586502.7;180350727.34;"2023-03-03T23:59:59.999Z"
"2023-03-02T00:00:00.000Z";"2023-03-02T23:59:59.999Z";"2023-03-02T00:01:00.000Z";"2023-03-02T18:02:00.000Z";0.0879946981;0.0881360808;0.0810604466;0.082763422;15718788.34;198146707.58;"2023-03-02T23:59:59.999Z"
"2023-03-01T00:00:00.000Z";"2023-03-01T23:59:59.999Z";"2023-03-01T13:44:00.000Z";"2023-03-01T00:58:00.000Z";0.0824526423;0.0889344142;0.0818357257;0.0879644578;18292551.34;208673584.37;"2023-03-01T23:59:59.999Z"
"2023-02-28T00:00:00.000Z";"2023-02-28T23:59:59.999Z";"2023-02-28T00:01:00.000Z";"2023-02-28T10:38:00.000Z";0.0842543823;0.0846015847;0.0818005439;0.0824669689;8580861.1;195609328.92;"2023-02-28T23:59:59.999Z"
"2023-02-27T00:00:00.000Z";"2023-02-27T23:59:59.999Z";"2023-02-27T23:59:00.000Z";"2023-02-27T09:15:00.000Z";0.0830073648;0.084179466;0.0804195629;0.084179466;10096694.23;199641332.93;"2023-02-27T23:59:59.999Z"
"2023-02-26T00:00:00.000Z";"2023-02-26T23:59:59.999Z";"2023-02-26T23:21:00.000Z";"2023-02-26T02:18:00.000Z";0.0826327168;0.0834339749;0.081100743;0.083000951;6309973.38;196818572.74;"2023-02-26T23:59:59.999Z"
"2023-02-25T00:00:00.000Z";"2023-02-25T23:59:59.999Z";"2023-02-25T00:01:00.000Z";"2023-02-25T20:49:00.000Z";0.0869782092;0.0870306325;0.0803999177;0.0826317459;12030473.66;195915024.82;"2023-02-25T23:59:59.999Z"
"2023-02-24T00:00:00.000Z";"2023-02-24T23:59:59.999Z";"2023-02-24T02:16:00.000Z";"2023-02-24T16:23:00.000Z";0.0892488402;0.0921630746;0.0840695952;0.0869726772;31341690.48;206168063.58;"2023-02-24T23:59:59.999Z"
"2023-02-23T00:00:00.000Z";"2023-02-23T23:59:59.999Z";"2023-02-23T23:26:00.000Z";"2023-02-23T12:08:00.000Z";0.0830757711;0.08980934;0.0806441144;0.0891209586;29346962.65;211229053.37;"2023-02-23T23:59:59.999Z"
"2023-02-22T00:00:00.000Z";"2023-02-22T23:59:59.999Z";"2023-02-22T00:01:00.000Z";"2023-02-22T15:23:00.000Z";0.0852459072;0.0854717344;0.0788453506;0.0830611863;21077886.9;196838822.21;"2023-02-22T23:59:59.999Z"
"2023-02-21T00:00:00.000Z";"2023-02-21T23:59:59.999Z";"2023-02-21T23:59:00.000Z";"2023-02-21T12:00:00.000Z";0.0817993939;0.0852759533;0.0778316859;0.0852759533;31934041.7;202058020.3;"2023-02-21T23:59:59.999Z"
"2023-02-20T00:00:00.000Z";"2023-02-20T23:59:59.999Z";"2023-02-20T23:59:00.000Z";"2023-02-20T01:18:00.000Z";0.0774527607;0.0817656394;0.0755771179;0.0817656394;14749018.3;193711508.43;"2023-02-20T23:59:59.999Z"
"2023-02-19T00:00:00.000Z";"2023-02-19T23:59:59.999Z";"2023-02-19T16:29:00.000Z";"2023-02-19T20:20:00.000Z";0.077813918;0.0785986377;0.0766884597;0.0773854732;6885868.16;183308772.38;"2023-02-19T23:59:59.999Z"
"2023-02-18T00:00:00.000Z";"2023-02-18T23:59:59.999Z";"2023-02-18T02:08:00.000Z";"2023-02-18T14:43:00.000Z";0.0787085353;0.0791039055;0.0772122244;0.0778287966;7551267.53;184331383.98;"2023-02-18T23:59:59.999Z"
"2023-02-17T00:00:00.000Z";"2023-02-17T23:59:59.999Z";"2023-02-17T23:42:00.000Z";"2023-02-17T00:04:00.000Z";0.0751975104;0.0788558294;0.0749839294;0.0785762346;10590250.88;186075653.84;"2023-02-17T23:59:59.999Z"
"2023-02-16T00:00:00.000Z";"2023-02-16T23:59:59.999Z";"2023-02-16T06:40:00.000Z";"2023-02-16T23:55:00.000Z";0.0786149414;0.0793720487;0.0751570195;0.0752073198;18577183.74;178072226.63;"2023-02-16T23:59:59.999Z"
"2023-02-15T00:00:00.000Z";"2023-02-15T23:59:59.999Z";"2023-02-15T23:59:00.000Z";"2023-02-15T02:05:00.000Z";0.0737883198;0.0786415733;0.0723194335;0.0786415733;11964899.49;186167755.97;"2023-02-15T23:59:59.999Z"
"2023-02-14T00:00:00.000Z";"2023-02-14T23:59:59.999Z";"2023-02-14T23:55:00.000Z";"2023-02-14T14:34:00.000Z";0.0711674207;0.0737783133;0.0693562461;0.0737685216;13975976.16;174628949.47;"2023-02-14T23:59:59.999Z"
"2023-02-13T00:00:00.000Z";"2023-02-13T23:59:59.999Z";"2023-02-13T00:13:00.000Z";"2023-02-13T17:59:00.000Z";0.0747684629;0.0754640716;0.068682423;0.0712047673;12129065.45;168536310.27;"2023-02-13T23:59:59.999Z"
"2023-02-12T00:00:00.000Z";"2023-02-12T23:59:59.999Z";"2023-02-12T00:02:00.000Z";"2023-02-12T22:11:00.000Z";0.0779901345;0.0780407691;0.0743962168;0.0747617749;10527923.59;176930686.65;"2023-02-12T23:59:59.999Z"
"2023-02-11T00:00:00.000Z";"2023-02-11T23:59:59.999Z";"2023-02-11T23:58:00.000Z";"2023-02-11T00:10:00.000Z";0.0733478677;0.0780138307;0.0730360138;0.0780070047;18374286.06;184584868.17;"2023-02-11T23:59:59.999Z"
"2023-02-10T00:00:00.000Z";"2023-02-10T23:59:59.999Z";"2023-02-10T01:55:00.000Z";"2023-02-10T00:05:00.000Z";0.0721788921;0.0748965498;0.0719659811;0.0733242708;13861811.02;173477151.01;"2023-02-10T23:59:59.999Z"
"2023-02-09T00:00:00.000Z";"2023-02-09T23:59:59.999Z";"2023-02-09T00:34:00.000Z";"2023-02-09T22:58:00.000Z";0.0794414798;0.0816519118;0.0717974557;0.0721694535;26619250.35;170719679.38;"2023-02-09T23:59:59.999Z"
"2023-02-08T00:00:00.000Z";"2023-02-08T23:59:59.999Z";"2023-02-08T00:02:00.000Z";"2023-02-08T16:29:00.000Z";0.0820159045;0.0820638722;0.0774349771;0.0794181269;12827933.08;187838714.18;"2023-02-08T23:59:59.999Z"
"2023-02-07T00:00:00.000Z";"2023-02-07T23:59:59.999Z";"2023-02-07T23:26:00.000Z";"2023-02-07T17:40:00.000Z";0.0793119975;0.0823762795;0.0771550139;0.0819523378;19257336.05;193804099.3;"2023-02-07T23:59:59.999Z"
"2023-02-06T00:00:00.000Z";"2023-02-06T23:59:59.999Z";"2023-02-06T01:58:00.000Z";"2023-02-06T00:03:00.000Z";0.0752662936;0.0812641599;0.0751732514;0.0793090784;30314095.25;186635431.39;"2023-02-06T23:59:59.999Z"
"2023-02-05T00:00:00.000Z";"2023-02-05T23:59:59.999Z";"2023-02-05T03:29:00.000Z";"2023-02-05T21:17:00.000Z";0.0770894131;0.0836261181;0.073582712;0.0752408368;46283917.03;177037436.35;"2023-02-05T23:59:59.999Z"
"2023-02-04T00:00:00.000Z";"2023-02-04T23:59:59.999Z";"2023-02-04T23:35:00.000Z";"2023-02-04T06:27:00.000Z";0.0768303818;0.0772252121;0.0748120729;0.0770691607;10119749.18;181304249.3;"2023-02-04T23:59:59.999Z"
"2023-02-03T00:00:00.000Z";"2023-02-03T23:59:59.999Z";"2023-02-03T00:01:00.000Z";"2023-02-03T14:28:00.000Z";0.0783723789;0.0784248383;0.0748568724;0.0768395553;22738466.53;181600103.28;"2023-02-03T23:59:59.999Z"
"2023-02-02T00:00:00.000Z";"2023-02-02T23:59:59.999Z";"2023-02-02T10:09:00.000Z";"2023-02-02T00:07:00.000Z";0.0720879138;0.0800786404;0.0716343543;0.0784991062;121955474.5;185496375.62;"2023-02-02T23:59:59.999Z"
"2023-02-01T00:00:00.000Z";"2023-02-01T23:59:59.999Z";"2023-02-01T10:50:00.000Z";"2023-02-01T09:13:00.000Z";0.0675710771;0.0752964087;0.0667838751;0.0720937749;95912336.24;170335004.57;"2023-02-01T23:59:59.999Z"
"2023-01-31T00:00:00.000Z";"2023-01-31T23:59:59.999Z";"2023-01-31T20:09:00.000Z";"2023-01-31T06:16:00.000Z";0.0661148101;0.0675880597;0.0644800553;0.0675781489;8787135.99;158188523.87;"2023-01-31T23:59:59.999Z"
"2023-01-30T00:00:00.000Z";"2023-01-30T23:59:59.999Z";"2023-01-30T00:00:00.000Z";"2023-01-30T22:43:00.000Z";0.0736197897;0.0736197897;0.0648656598;0.0660650792;17377564.22;154623208.9;"2023-01-30T23:59:59.999Z"
"2023-01-29T00:00:00.000Z";"2023-01-29T23:59:59.999Z";"2023-01-29T23:19:00.000Z";"2023-01-29T00:31:00.000Z";0.0719738174;0.0736872693;0.0706588062;0.0736328228;9912877.86;172308994.95;"2023-01-29T23:59:59.999Z"
"2023-01-28T00:00:00.000Z";"2023-01-28T23:59:59.999Z";"2023-01-28T01:34:00.000Z";"2023-01-28T13:24:00.000Z";0.070884675;0.0757199815;0.0699506838;0.0719643934;33756771.79;168380069.34;"2023-01-28T23:59:59.999Z"
"2023-01-27T00:00:00.000Z";"2023-01-27T23:59:59.999Z";"2023-01-27T23:59:00.000Z";"2023-01-27T02:07:00.000Z";0.070543591;0.0708132298;0.0677294708;0.0708132298;11460097.87;165663209.59;"2023-01-27T23:59:59.999Z"
"2023-01-26T00:00:00.000Z";"2023-01-26T23:59:59.999Z";"2023-01-26T05:01:00.000Z";"2023-01-26T16:15:00.000Z";0.070863443;0.0711442436;0.0689059052;0.0705308489;14778627.41;164977376.37;"2023-01-26T23:59:59.999Z"
"2023-01-25T00:00:00.000Z";"2023-01-25T23:59:59.999Z";"2023-01-25T02:19:00.000Z";"2023-01-25T00:01:00.000Z";0.067177065;0.0772249864;0.0671062101;0.0708608728;110766216.24;165725934.26;"2023-01-25T23:59:59.999Z"
"2023-01-24T00:00:00.000Z";"2023-01-24T23:59:59.999Z";"2023-01-24T05:26:00.000Z";"2023-01-24T23:25:00.000Z";0.0684403625;0.0796582904;0.0666971837;0.0671557401;141916155.89;157033891.02;"2023-01-24T23:59:59.999Z"
"2023-01-23T00:00:00.000Z";"2023-01-23T23:59:59.999Z";"2023-01-23T23:55:00.000Z";"2023-01-23T15:08:00.000Z";0.0674770615;0.0685200117;0.0666149184;0.0684493127;9750617.66;160035104.66;"2023-01-23T23:59:59.999Z"
"2023-01-22T00:00:00.000Z";"2023-01-22T23:59:59.999Z";"2023-01-22T14:00:00.000Z";"2023-01-22T21:24:00.000Z";0.0675612253;0.0704443532;0.0664998133;0.0674765623;12996707.07;157737350.77;"2023-01-22T23:59:59.999Z"
"2023-01-21T00:00:00.000Z";"2023-01-21T23:59:59.999Z";"2023-01-21T00:01:00.000Z";"2023-01-21T23:55:00.000Z";0.0697064908;0.069749023;0.0675162626;0.0675535001;27197149.5;157895365.81;"2023-01-21T23:59:59.999Z"
"2023-01-20T00:00:00.000Z";"2023-01-20T23:59:59.999Z";"2023-01-20T04:57:00.000Z";"2023-01-20T00:01:00.000Z";0.0613406519;0.0759795964;0.0612438476;0.0696851204;209444926.41;162845614.65;"2023-01-20T23:59:59.999Z"
"2023-01-19T00:00:00.000Z";"2023-01-19T23:59:59.999Z";"2023-01-19T13:52:00.000Z";"2023-01-19T00:01:00.000Z";0.0568587194;0.0698815238;0.0568160654;0.0613747905;105570539.65;143405095.91;"2023-01-19T23:59:59.999Z"
"2023-01-18T00:00:00.000Z";"2023-01-18T23:59:59.999Z";"2023-01-18T13:22:00.000Z";"2023-01-18T23:56:00.000Z";0.0605398413;0.0646166467;0.056841755;0.0568687179;21332131.96;132856750.42;"2023-01-18T23:59:59.999Z"
"2023-01-17T00:00:00.000Z";"2023-01-17T23:59:59.999Z";"2023-01-17T14:26:00.000Z";"2023-01-17T01:27:00.000Z";0.0595968346;0.0613252593;0.0583345439;0.060542028;9778298.05;141428524.58;"2023-01-17T23:59:59.999Z"
"2023-01-16T00:00:00.000Z";"2023-01-16T23:59:59.999Z";"2023-01-16T02:30:00.000Z";"2023-01-16T15:17:00.000Z";0.0613823845;0.0617237389;0.057863333;0.0595709552;10686325.99;139140012.71;"2023-01-16T23:59:59.999Z"
"2023-01-15T00:00:00.000Z";"2023-01-15T23:59:59.999Z";"2023-01-15T00:03:00.000Z";"2023-01-15T09:19:00.000Z";0.0620918541;0.0623312736;0.0578364469;0.0613723922;16785284.06;143327655.81;"2023-01-15T23:59:59.999Z"
"2023-01-14T00:00:00.000Z";"2023-01-14T23:59:59.999Z";"2023-01-14T12:52:00.000Z";"2023-01-14T00:06:00.000Z";0.0547362237;0.068191987;0.0545651993;0.0620727194;89602432.8;144941043.96;"2023-01-14T23:59:59.999Z"
"2023-01-13T00:00:00.000Z";"2023-01-13T23:59:59.999Z";"2023-01-13T22:49:00.000Z";"2023-01-13T14:04:00.000Z";0.05158146;0.0551015973;0.0512106436;0.0547353682;7762814.97;127789353.17;"2023-01-13T23:59:59.999Z"
"2023-01-12T00:00:00.000Z";"2023-01-12T23:59:59.999Z";"2023-01-12T03:40:00.000Z";"2023-01-12T14:59:00.000Z";0.0508649424;0.0516749029;0.0491404241;0.0516319715;5337616.58;120525810.23;"2023-01-12T23:59:59.999Z"
"2023-01-11T00:00:00.000Z";"2023-01-11T23:59:59.999Z";"2023-01-11T23:37:00.000Z";"2023-01-11T04:22:00.000Z";0.0496238263;0.0509394378;0.0487111236;0.0508868529;5150107.86;118768860.65;"2023-01-11T23:59:59.999Z"
"2023-01-10T00:00:00.000Z";"2023-01-10T23:59:59.999Z";"2023-01-10T23:31:00.000Z";"2023-01-10T02:43:00.000Z";0.0490799743;0.0496739083;0.0478509176;0.0496033142;4361019.91;115756632.19;"2023-01-10T23:59:59.999Z"
"2023-01-09T00:00:00.000Z";"2023-01-09T23:59:59.999Z";"2023-01-09T16:54:00.000Z";"2023-01-09T00:15:00.000Z";0.0470223697;0.0502154101;0.0466533063;0.0491158165;6773191.31;114602821.16;"2023-01-09T23:59:59.999Z"
"2023-01-08T00:00:00.000Z";"2023-01-08T23:59:59.999Z";"2023-01-08T23:59:00.000Z";"2023-01-08T10:31:00.000Z";0.0447633431;0.0469042679;0.044166294;0.0469042679;3087967.01;109420669.48;"2023-01-08T23:59:59.999Z"
"2023-01-07T00:00:00.000Z";"2023-01-07T23:59:59.999Z";"2023-01-07T09:04:00.000Z";"2023-01-07T00:27:00.000Z";0.0439688537;0.0451116802;0.0437272049;0.0447649472;3896359.54;104415507.57;"2023-01-07T23:59:59.999Z"
"2023-01-06T00:00:00.000Z";"2023-01-06T23:59:59.999Z";"2023-01-06T23:16:00.000Z";"2023-01-06T13:30:00.000Z";0.0436382014;0.0439948572;0.0424934374;0.0439662518;3252002.98;102537679.17;"2023-01-06T23:59:59.999Z"
"2023-01-05T00:00:00.000Z";"2023-01-05T23:59:59.999Z";"2023-01-05T15:39:00.000Z";"2023-01-05T10:01:00.000Z";0.0436892691;0.0439608396;0.043120892;0.0436241071;4115926.42;101725455.25;"2023-01-05T23:59:59.999Z"
"2023-01-04T00:00:00.000Z";"2023-01-04T23:59:59.999Z";"2023-01-04T18:52:00.000Z";"2023-01-04T00:53:00.000Z";0.0424947505;0.0438318934;0.0423340866;0.0436973136;4488620.53;101880485.92;"2023-01-04T23:59:59.999Z"
"2023-01-03T00:00:00.000Z";"2023-01-03T23:59:59.999Z";"2023-01-03T06:34:00.000Z";"2023-01-03T18:21:00.000Z";0.0426257911;0.0427317274;0.0421271287;0.04249622;3772075.76;99066148.9;"2023-01-03T23:59:59.999Z"
"2023-01-02T00:00:00.000Z";"2023-01-02T23:59:59.999Z";"2023-01-02T22:03:00.000Z";"2023-01-02T07:07:00.000Z";0.0421443338;0.0427382446;0.0416849264;0.0426165339;3838706.38;99300896.43;"2023-01-02T23:59:59.999Z"
"2023-01-01T00:00:00.000Z";"2023-01-01T23:59:59.999Z";"2023-01-01T23:21:00.000Z";"2023-01-01T06:01:00.000Z";0.0418295881;0.0421612623;0.0414650704;0.0421267298;3210033.19;98145440.52;"2023-01-01T23:59:59.999Z"
"2022-12-31T00:00:00.000Z";"2022-12-31T23:59:59.999Z";"2022-12-31T11:16:00.000Z";"2022-12-31T00:03:00.000Z";0.0415599256;0.0420611272;0.0415097554;0.0418178238;3730662.02;97406720.06;"2022-12-31T23:59:59.999Z"
"2022-12-30T00:00:00.000Z";"2022-12-30T23:59:59.999Z";"2022-12-30T00:30:00.000Z";"2022-12-30T14:58:00.000Z";0.0426783718;0.042917953;0.0408409717;0.0415474101;4380647.37;96762884.8;"2022-12-30T23:59:59.999Z"
"2022-12-29T00:00:00.000Z";"2022-12-29T23:59:59.999Z";"2022-12-29T01:34:00.000Z";"2022-12-29T22:01:00.000Z";0.0438814455;0.0442313566;0.0421532468;0.0427131602;3911339.83;99462677.72;"2022-12-29T23:59:59.999Z"
"2022-12-28T00:00:00.000Z";"2022-12-28T23:59:59.999Z";"2022-12-28T00:22:00.000Z";"2022-12-28T22:30:00.000Z";0.0470431849;0.0470889123;0.0435382937;0.0438562216;3173998.77;102109926.67;"2022-12-28T23:59:59.999Z"
"2022-12-27T00:00:00.000Z";"2022-12-27T23:59:59.999Z";"2022-12-27T00:05:00.000Z";"2022-12-27T19:17:00.000Z";0.0478650188;0.0481421185;0.0467758953;0.0471227504;2091095.36;109698669.45;"2022-12-27T23:59:59.999Z"
"2022-12-26T00:00:00.000Z";"2022-12-26T23:59:59.999Z";"2022-12-26T03:58:00.000Z";"2022-12-26T16:01:00.000Z";0.0478025266;0.0479278608;0.0471524864;0.0477648812;1658567.34;110642126.02;"2022-12-26T23:59:59.999Z"
"2022-12-25T00:00:00.000Z";"2022-12-25T23:59:59.999Z";"2022-12-25T00:00:00.000Z";"2022-12-25T20:38:00.000Z";0.0487952353;0.0487952353;0.04747017;0.0478106879;1408600.66;111268359.49;"2022-12-25T23:59:59.999Z"
"2022-12-24T00:00:00.000Z";"2022-12-24T23:59:59.999Z";"2022-12-24T00:07:00.000Z";"2022-12-24T11:29:00.000Z";0.0487719771;0.0494638685;0.0482937454;0.0488010789;2426685.52;113556212.4;"2022-12-24T23:59:59.999Z"
"2022-12-23T00:00:00.000Z";"2022-12-23T23:59:59.999Z";"2022-12-23T23:50:00.000Z";"2022-12-23T01:27:00.000Z";0.0482881872;0.0487770078;0.0479380202;0.0487275287;1726125.74;113367949.94;"2022-12-23T23:59:59.999Z"
"2022-12-22T00:00:00.000Z";"2022-12-22T23:59:59.999Z";"2022-12-22T06:05:00.000Z";"2022-12-22T19:53:00.000Z";0.0481884269;0.0499176068;0.0473975686;0.0482907962;4407368.05;111299222.46;"2022-12-22T23:59:59.999Z"
"2022-12-21T00:00:00.000Z";"2022-12-21T23:59:59.999Z";"2022-12-21T06:46:00.000Z";"2022-12-21T00:57:00.000Z";0.0477766696;0.05124128;0.0477137617;0.0481756751;8474887.21;111018096.53;"2022-12-21T23:59:59.999Z"
"2022-12-20T00:00:00.000Z";"2022-12-20T23:59:59.999Z";"2022-12-20T23:57:00.000Z";"2022-12-20T00:17:00.000Z";0.0455010671;0.0478259614;0.0451482358;0.0477905629;2955745.82;110109085.81;"2022-12-20T23:59:59.999Z"
"2022-12-19T00:00:00.000Z";"2022-12-19T23:59:59.999Z";"2022-12-19T00:35:00.000Z";"2022-12-19T22:34:00.000Z";0.0488589573;0.0490429707;0.0451599379;0.0455031362;3532149.57;104830870.71;"2022-12-19T23:59:59.999Z"
"2022-12-18T00:00:00.000Z";"2022-12-18T23:59:59.999Z";"2022-12-18T00:09:00.000Z";"2022-12-18T10:14:00.000Z";0.0490332186;0.0491349558;0.0483061764;0.0488546214;1340629.55;112535294.91;"2022-12-18T23:59:59.999Z"
"2022-12-17T00:00:00.000Z";"2022-12-17T23:59:59.999Z";"2022-12-17T00:32:00.000Z";"2022-12-17T02:31:00.000Z";0.0498130025;0.0502166362;0.0472287975;0.0490330778;3209072.13;112930716.66;"2022-12-17T23:59:59.999Z"
"2022-12-16T00:00:00.000Z";"2022-12-16T23:59:59.999Z";"2022-12-16T07:56:00.000Z";"2022-12-16T23:35:00.000Z";0.0549981535;0.0552488874;0.049492434;0.0498103773;3596384.94;114704900.85;"2022-12-16T23:59:59.999Z"
"2022-12-15T00:00:00.000Z";"2022-12-15T23:59:59.999Z";"2022-12-15T00:41:00.000Z";"2022-12-15T22:43:00.000Z";0.056468843;0.0572320935;0.0548966474;0.0550437311;4252416.52;126737367.79;"2022-12-15T23:59:59.999Z"
"2022-12-14T00:00:00.000Z";"2022-12-14T23:59:59.999Z";"2022-12-14T18:41:00.000Z";"2022-12-15T01:56:00.000Z";0.0573874478;0.0575363838;0.0558343287;0.0558613994;4425582.9;128602141.73;"2022-12-14T23:59:59.999Z"
"2022-12-13T00:00:00.000Z";"2022-12-13T23:59:59.999Z";"2022-12-13T00:04:00.000Z";"2022-12-13T09:07:00.000Z";0.0566738397;0.058305468;0.0552294671;0.0573607368;6866963.72;132032482.89;"2022-12-13T23:59:59.999Z"
"2022-12-12T00:00:00.000Z";"2022-12-12T23:59:59.999Z";"2022-12-12T00:00:00.000Z";"2022-12-12T12:44:00.000Z";0.0578214508;0.0578214508;0.0554112032;0.0567884091;3440452.66;130695052.52;"2022-12-12T23:59:59.999Z"
"2022-12-11T00:00:00.000Z";"2022-12-11T23:59:59.999Z";"2022-12-11T09:23:00.000Z";"2022-12-11T23:42:00.000Z";0.0590301223;0.0591407796;0.0576846546;0.0578288608;3551520.16;133070802.56;"2022-12-11T23:59:59.999Z"
"2022-12-10T00:00:00.000Z";"2022-12-10T23:59:59.999Z";"2022-12-10T20:40:00.000Z";"2022-12-10T00:00:00.000Z";0.0575900714;0.0616561468;0.0575900714;0.0589439951;22556201.8;135617590.82;"2022-12-10T23:59:59.999Z"
"2022-12-09T00:00:00.000Z";"2022-12-09T23:59:59.999Z";"2022-12-09T10:04:00.000Z";"2022-12-09T00:27:00.000Z";0.0571404809;0.0579496014;0.0569307728;0.0575870799;2399658.02;132469321.74;"2022-12-09T23:59:59.999Z"
"2022-12-08T00:00:00.000Z";"2022-12-08T23:59:59.999Z";"2022-12-08T08:47:00.000Z";"2022-12-08T11:49:00.000Z";0.0565758155;0.057286586;0.0558941659;0.0571428615;4572151.8;131428007.78;"2022-12-08T23:59:59.999Z"
"2022-12-07T00:00:00.000Z";"2022-12-07T23:59:59.999Z";"2022-12-07T00:04:00.000Z";"2022-12-07T08:04:00.000Z";0.0589279741;0.0592283372;0.0554507837;0.0565687114;5351770.25;129443748.88;"2022-12-07T23:59:59.999Z"
"2022-12-06T00:00:00.000Z";"2022-12-06T23:59:59.999Z";"2022-12-06T01:02:00.000Z";"2022-12-06T20:46:00.000Z";0.0592442414;0.0593702531;0.0582588543;0.0589174514;3143553.89;134798813.91;"2022-12-06T23:59:59.999Z"
"2022-12-05T00:00:00.000Z";"2022-12-05T23:59:59.999Z";"2022-12-05T08:36:00.000Z";"2022-12-05T20:07:00.000Z";0.0599009425;0.0606680012;0.0589473106;0.0593892017;4064858.26;135858770.43;"2022-12-05T23:59:59.999Z"
"2022-12-04T00:00:00.000Z";"2022-12-04T23:59:59.999Z";"2022-12-04T13:32:00.000Z";"2022-12-04T00:00:00.000Z";0.0590351391;0.061168887;0.0590351391;0.0599074938;7029740.52;137024209.97;"2022-12-04T23:59:59.999Z"
"2022-12-03T00:00:00.000Z";"2022-12-03T23:59:59.999Z";"2022-12-03T00:09:00.000Z";"2022-12-03T23:36:00.000Z";0.0607495235;0.0609078564;0.0590258291;0.0590565975;4088570.49;135051144.61;"2022-12-03T23:59:59.999Z"
"2022-12-02T00:00:00.000Z";"2022-12-02T23:59:59.999Z";"2022-12-02T00:01:00.000Z";"2022-12-02T04:18:00.000Z";0.062594249;0.0626075068;0.0587988712;0.0607387674;10837336.52;138877580.69;"2022-12-02T23:59:59.999Z"
"2022-12-01T00:00:00.000Z";"2022-12-01T23:59:59.999Z";"2022-12-01T23:52:00.000Z";"2022-12-01T00:02:00.000Z";0.0590717112;0.0626089297;0.0589926745;0.0624784041;15345048.57;142827086.72;"2022-12-01T23:59:59.999Z"
"2022-11-30T00:00:00.000Z";"2022-11-30T23:59:59.999Z";"2022-11-30T23:02:00.000Z";"2022-11-30T00:19:00.000Z";0.0573792402;0.0591662533;0.0572046468;0.0590692322;3404919.02;135676307.46;"2022-11-30T23:59:59.999Z"
"2022-11-29T00:00:00.000Z";"2022-11-29T23:59:59.999Z";"2022-11-29T05:23:00.000Z";"2022-11-29T00:17:00.000Z";0.0566339515;0.0576893344;0.0561963433;0.0573666636;3605852.64;131745264.42;"2022-11-29T23:59:59.999Z"
"2022-11-28T00:00:00.000Z";"2022-11-28T23:59:59.999Z";"2022-11-28T00:19:00.000Z";"2022-11-28T16:22:00.000Z";0.058937401;0.059424354;0.0556193721;0.0566253084;6077420.48;130024811.77;"2022-11-28T23:59:59.999Z"
"2022-11-27T00:00:00.000Z";"2022-11-27T23:59:59.999Z";"2022-11-27T19:20:00.000Z";"2022-11-27T23:46:00.000Z";0.0597208747;0.0598443466;0.0589132902;0.058939408;3693970.09;134067277.17;"2022-11-27T23:59:59.999Z"
"2022-11-26T00:00:00.000Z";"2022-11-26T23:59:59.999Z";"2022-11-26T00:17:00.000Z";"2022-11-26T22:50:00.000Z";0.0600639718;0.0608148488;0.0593970386;0.0597263578;5895609.31;135836995.6;"2022-11-26T23:59:59.999Z"
"2022-11-25T00:00:00.000Z";"2022-11-25T23:59:59.999Z";"2022-11-25T00:00:00.000Z";"2022-11-25T10:09:00.000Z";0.0626423354;0.0626423354;0.059059588;0.0600792504;7694715.33;136620172.13;"2022-11-25T23:59:59.999Z"
"2022-11-24T00:00:00.000Z";"2022-11-24T23:59:59.999Z";"2022-11-24T01:08:00.000Z";"2022-11-24T00:05:00.000Z";0.059965864;0.0679037176;0.0597537827;0.0626494593;56612005.34;142442737.77;"2022-11-24T23:59:59.999Z"
"2022-11-23T00:00:00.000Z";"2022-11-23T23:59:59.999Z";"2022-11-23T23:59:00.000Z";"2022-11-23T00:21:00.000Z";0.058374133;0.0599571908;0.0578974343;0.0599571908;13562437.17;136302366.73;"2022-11-23T23:59:59.999Z"
"2022-11-22T00:00:00.000Z";"2022-11-22T23:59:59.999Z";"2022-11-22T00:13:00.000Z";"2022-11-22T00:00:00.000Z";0.0546682585;0.0662186111;0.0546682585;0.0583441421;69277899.38;132623847.64;"2022-11-22T23:59:59.999Z"
"2022-11-21T00:00:00.000Z";"2022-11-21T23:59:59.999Z";"2022-11-21T00:02:00.000Z";"2022-11-21T19:47:00.000Z";0.0561746843;0.0567665288;0.0536944964;0.0546774197;9089141.35;124271199.76;"2022-11-21T23:59:59.999Z"
"2022-11-20T00:00:00.000Z";"2022-11-20T23:59:59.999Z";"2022-11-20T01:53:00.000Z";"2022-11-20T23:13:00.000Z";0.0563918861;0.0595788974;0.0550766034;0.0560258922;17333467.1;127310521.65;"2022-11-20T23:59:59.999Z"
"2022-11-19T00:00:00.000Z";"2022-11-19T23:59:59.999Z";"2022-11-19T17:08:00.000Z";"2022-11-19T00:28:00.000Z";0.0536611675;0.0574735403;0.0533922097;0.0563945575;10125698.12;128129033.44;"2022-11-19T23:59:59.999Z"
"2022-11-18T00:00:00.000Z";"2022-11-18T23:59:59.999Z";"2022-11-18T07:31:00.000Z";"2022-11-18T18:25:00.000Z";0.0530371817;0.0539969144;0.0525608448;0.0536809314;4877422.17;121944954.81;"2022-11-18T23:59:59.999Z"
"2022-11-17T00:00:00.000Z";"2022-11-17T23:59:59.999Z";"2022-11-17T00:19:00.000Z";"2022-11-17T14:31:00.000Z";0.0540583808;0.0545589755;0.0518308229;0.0529637915;4422242.67;120298125.74;"2022-11-17T23:59:59.999Z"
"2022-11-16T00:00:00.000Z";"2022-11-16T23:59:59.999Z";"2022-11-16T06:18:00.000Z";"2022-11-16T16:05:00.000Z";0.0551500142;0.0573683059;0.0525453523;0.0540514584;10590341.19;122750340.54;"2022-11-16T23:59:59.999Z"
"2022-11-15T00:00:00.000Z";"2022-11-15T23:59:59.999Z";"2022-11-15T16:47:00.000Z";"2022-11-15T01:06:00.000Z";0.0518613689;0.0574863522;0.0512046045;0.0552217237;17506207.28;125390117.76;"2022-11-15T23:59:59.999Z"
"2022-11-14T00:00:00.000Z";"2022-11-14T23:59:59.999Z";"2022-11-14T13:38:00.000Z";"2022-11-14T05:41:00.000Z";0.0522244919;0.0526070385;0.0475253801;0.0518646976;9303007.39;117749901.11;"2022-11-14T23:59:59.999Z"
"2022-11-13T00:00:00.000Z";"2022-11-13T23:59:59.999Z";"2022-11-13T00:13:00.000Z";"2022-11-13T09:32:00.000Z";0.0558754484;0.0579908987;0.0514777832;0.0520304554;11116112.53;118102405.86;"2022-11-13T23:59:59.999Z"
"2022-11-12T00:00:00.000Z";"2022-11-12T23:59:59.999Z";"2022-11-12T02:56:00.000Z";"2022-11-12T13:36:00.000Z";0.0592799315;0.0595621185;0.0556810315;0.0558979453;6127734.11;126862111.59;"2022-11-12T23:59:59.999Z"
"2022-11-11T00:00:00.000Z";"2022-11-11T23:59:59.999Z";"2022-11-11T01:27:00.000Z";"2022-11-11T16:32:00.000Z";0.0610603513;0.0639084569;0.0571670275;0.0592496403;21494116.86;134449393.04;"2022-11-11T23:59:59.999Z"
"2022-11-10T00:00:00.000Z";"2022-11-10T23:59:59.999Z";"2022-11-10T23:10:00.000Z";"2022-11-10T00:05:00.000Z";0.0521419147;0.0618511539;0.0515747379;0.0610641499;13036185.58;138545100.49;"2022-11-10T23:59:59.999Z"
"2022-11-09T00:00:00.000Z";"2022-11-09T23:59:59.999Z";"2022-11-09T00:20:00.000Z";"2022-11-09T23:38:00.000Z";0.0726847384;0.0734943283;0.0511112707;0.052112317;19648238.69;118217258.67;"2022-11-09T23:59:59.999Z"
"2022-11-08T00:00:00.000Z";"2022-11-08T23:59:59.999Z";"2022-11-08T00:10:00.000Z";"2022-11-08T19:35:00.000Z";0.0843472106;0.0849736354;0.0694612798;0.0727002297;18436773.17;164895483.79;"2022-11-08T23:59:59.999Z"
"2022-11-07T00:00:00.000Z";"2022-11-07T23:59:59.999Z";"2022-11-07T02:23:00.000Z";"2022-11-07T08:28:00.000Z";0.0846579685;0.0860600259;0.0831913782;0.0843350033;10025721.91;191256962.47;"2022-11-07T23:59:59.999Z"
"2022-11-06T00:00:00.000Z";"2022-11-06T23:59:59.999Z";"2022-11-06T02:45:00.000Z";"2022-11-06T23:58:00.000Z";0.0864632973;0.0894585833;0.0845937901;0.0846694998;17297612.27;191987522.14;"2022-11-06T23:59:59.999Z"
"2022-11-05T00:00:00.000Z";"2022-11-05T23:59:59.999Z";"2022-11-05T02:45:00.000Z";"2022-11-05T00:25:00.000Z";0.0865352638;0.0883205323;0.0862750037;0.0864457875;13335265.98;195985294.53;"2022-11-05T23:59:59.999Z"
"2022-11-04T00:00:00.000Z";"2022-11-04T23:59:59.999Z";"2022-11-04T23:51:00.000Z";"2022-11-04T00:02:00.000Z";0.0814779494;0.0866769414;0.0811904904;0.0865372716;21527454.27;196153709.39;"2022-11-04T23:59:59.999Z"
"2022-11-03T00:00:00.000Z";"2022-11-03T23:59:59.999Z";"2022-11-03T19:37:00.000Z";"2022-11-03T00:12:00.000Z";0.0802964874;0.0823408817;0.0800268463;0.0814802924;6594449.7;184662379.67;"2022-11-03T23:59:59.999Z"
"2022-11-02T00:00:00.000Z";"2022-11-02T23:59:59.999Z";"2022-11-02T04:17:00.000Z";"2022-11-02T20:48:00.000Z";0.0826764996;0.0827147373;0.0787816564;0.0802398759;7731793.34;181823344.94;"2022-11-02T23:59:59.999Z"
"2022-11-01T00:00:00.000Z";"2022-11-01T23:59:59.999Z";"2022-11-01T09:50:00.000Z";"2022-11-01T23:52:00.000Z";0.0833255937;0.0836939179;0.082501714;0.0825986207;5262278.34;187140661.95;"2022-11-01T23:59:59.999Z"
"2022-10-31T00:00:00.000Z";"2022-10-31T23:59:59.999Z";"2022-10-31T11:10:00.000Z";"2022-10-31T02:29:00.000Z";0.0839267745;0.0842401324;0.0821290801;0.0833327418;9426542.22;187840191.34;"2022-10-31T23:59:59.999Z"
"2022-10-30T00:00:00.000Z";"2022-10-30T23:59:59.999Z";"2022-10-30T08:16:00.000Z";"2022-10-30T22:31:00.000Z";0.0838808973;0.0859011001;0.08316164;0.0839685529;8037209.87;189245816.9;"2022-10-30T23:59:59.999Z"
"2022-10-29T00:00:00.000Z";"2022-10-29T23:59:59.999Z";"2022-10-29T17:52:00.000Z";"2022-10-29T13:39:00.000Z";0.0833259498;0.084879236;0.0830613516;0.0838723278;5815538.19;188997236.2;"2022-10-29T23:59:59.999Z"
"2022-10-28T00:00:00.000Z";"2022-10-28T23:59:59.999Z";"2022-10-28T22:08:00.000Z";"2022-10-28T08:00:00.000Z";0.0824149536;0.0835192577;0.080666924;0.0833288913;5529077.49;188679859.21;"2022-10-28T23:59:59.999Z"
"2022-10-27T00:00:00.000Z";"2022-10-27T23:59:59.999Z";"2022-10-27T06:33:00.000Z";"2022-10-27T20:30:00.000Z";0.0834087522;0.0844948777;0.0821802307;0.0822861905;6823752.24;186286081.56;"2022-10-27T23:59:59.999Z"
"2022-10-26T00:00:00.000Z";"2022-10-26T23:59:59.999Z";"2022-10-26T23:16:00.000Z";"2022-10-26T01:29:00.000Z";0.0810270853;0.0836504746;0.0806496482;0.0833923586;6526157.08;188762971.89;"2022-10-26T23:59:59.999Z"
"2022-10-25T00:00:00.000Z";"2022-10-25T23:59:59.999Z";"2022-10-25T19:29:00.000Z";"2022-10-25T00:07:00.000Z";0.0781331332;0.0814728226;0.0778735427;0.0810156814;6933664.27;181639989.68;"2022-10-25T23:59:59.999Z"
"2022-10-24T00:00:00.000Z";"2022-10-24T23:59:59.999Z";"2022-10-24T00:38:00.000Z";"2022-10-24T14:26:00.000Z";0.0794432016;0.0795376351;0.0771856564;0.0781702918;5025686.21;175234380.71;"2022-10-24T23:59:59.999Z"
"2022-10-23T00:00:00.000Z";"2022-10-23T23:59:59.999Z";"2022-10-23T22:46:00.000Z";"2022-10-23T12:31:00.000Z";0.0784246241;0.0797193003;0.0775791278;0.0794380126;5100687.86;178040489.02;"2022-10-23T23:59:59.999Z"
"2022-10-22T00:00:00.000Z";"2022-10-22T23:59:59.999Z";"2022-10-22T10:10:00.000Z";"2022-10-22T07:11:00.000Z";0.0778560613;0.0787053305;0.0769594518;0.0784309552;4804783.1;175755091.96;"2022-10-22T23:59:59.999Z"
"2022-10-21T00:00:00.000Z";"2022-10-21T23:59:59.999Z";"2022-10-21T05:59:00.000Z";"2022-10-21T12:23:00.000Z";0.0776550664;0.0783443948;0.0746199969;0.0778436132;7938857.76;174411839.8;"2022-10-21T23:59:59.999Z"
"2022-10-20T00:00:00.000Z";"2022-10-20T23:59:59.999Z";"2022-10-20T14:26:00.000Z";"2022-10-20T01:07:00.000Z";0.0778458412;0.0796699641;0.0773537333;0.0776723581;4268662.72;174001067.32;"2022-10-20T23:59:59.999Z"
"2022-10-19T00:00:00.000Z";"2022-10-19T23:59:59.999Z";"2022-10-19T00:05:00.000Z";"2022-10-19T22:57:00.000Z";0.0804861844;0.0806682441;0.0776554017;0.07784596;6329759.57;174363704.49;"2022-10-19T23:59:59.999Z"
"2022-10-18T00:00:00.000Z";"2022-10-18T23:59:59.999Z";"2022-10-18T06:44:00.000Z";"2022-10-18T19:23:00.000Z";0.0829390954;0.0830004211;0.0800715956;0.0805044037;6412245.09;180287470.9;"2022-10-18T23:59:59.999Z"
"2022-10-17T00:00:00.000Z";"2022-10-17T23:59:59.999Z";"2022-10-17T22:12:00.000Z";"2022-10-17T07:01:00.000Z";0.080999168;0.0831728668;0.0798216743;0.0829400539;5924872.3;185713111.68;"2022-10-17T23:59:59.999Z"
"2022-10-16T00:00:00.000Z";"2022-10-16T23:59:59.999Z";"2022-10-16T21:27:00.000Z";"2022-10-16T18:53:00.000Z";0.0808057995;0.0814152508;0.0799625374;0.0809969363;4558418.32;181335007.75;"2022-10-16T23:59:59.999Z"
"2022-10-15T00:00:00.000Z";"2022-10-15T23:59:59.999Z";"2022-10-15T08:25:00.000Z";"2022-10-15T01:05:00.000Z";0.0793502097;0.0819637943;0.0793500128;0.0806184958;8492170.84;180460671.82;"2022-10-15T23:59:59.999Z"
"2022-10-14T00:00:00.000Z";"2022-10-14T23:59:59.999Z";"2022-10-14T07:00:00.000Z";"2022-10-14T19:25:00.000Z";0.079652432;0.0815091551;0.0790743438;0.0793575788;6164374.68;177610611.79;"2022-10-14T23:59:59.999Z"
"2022-10-13T00:00:00.000Z";"2022-10-13T23:59:59.999Z";"2022-10-13T01:38:00.000Z";"2022-10-13T12:38:00.000Z";0.082280334;0.0831319329;0.0751016251;0.0796621927;11377203.9;178254009.51;"2022-10-13T23:59:59.999Z"
"2022-10-12T00:00:00.000Z";"2022-10-12T23:59:59.999Z";"2022-10-12T09:57:00.000Z";"2022-10-12T04:00:00.000Z";0.0821791172;0.0832770982;0.0817258971;0.0822597957;4467713.97;184038957.51;"2022-10-12T23:59:59.999Z"
"2022-10-11T00:00:00.000Z";"2022-10-11T23:59:59.999Z";"2022-10-11T00:00:00.000Z";"2022-10-11T14:09:00.000Z";0.0835486224;0.0835486224;0.0819709581;0.0821952668;5707127.9;180107902.55;"2022-10-11T23:59:59.999Z"
"2022-10-10T00:00:00.000Z";"2022-10-10T23:59:59.999Z";"2022-10-10T01:01:00.000Z";"2022-10-10T23:53:00.000Z";0.0867092113;0.0869720011;0.0834011124;0.0835102089;5047366.28;182961282.84;"2022-10-10T23:59:59.999Z"
"2022-10-09T00:00:00.000Z";"2022-10-09T23:59:59.999Z";"2022-10-09T16:41:00.000Z";"2022-10-09T03:54:00.000Z";0.0862584074;0.0872096757;0.0855828478;0.0866407639;4828430.63;189786175.22;"2022-10-09T23:59:59.999Z"
"2022-10-08T00:00:00.000Z";"2022-10-08T23:59:59.999Z";"2022-10-08T11:48:00.000Z";"2022-10-08T22:16:00.000Z";0.0864671699;0.0874759169;0.0860463162;0.0862575734;6430449.94;188918635.85;"2022-10-08T23:59:59.999Z"
"2022-10-07T00:00:00.000Z";"2022-10-07T23:59:59.999Z";"2022-10-07T23:52:00.000Z";"2022-10-07T12:53:00.000Z";0.084946822;0.0867310031;0.0840117867;0.0865140771;5628254.03;189452115.95;"2022-10-07T23:59:59.999Z"
"2022-10-06T00:00:00.000Z";"2022-10-06T23:59:59.999Z";"2022-10-06T04:48:00.000Z";"2022-10-06T23:23:00.000Z";0.0858330479;0.0864209908;0.0846435892;0.084816214;4836513.94;185704943.65;"2022-10-06T23:59:59.999Z"
"2022-10-05T00:00:00.000Z";"2022-10-05T23:59:59.999Z";"2022-10-05T00:09:00.000Z";"2022-10-05T14:25:00.000Z";0.0872640694;0.0872964424;0.0847961691;0.0858429079;5200816.02;187923560.19;"2022-10-05T23:59:59.999Z"
"2022-10-04T00:00:00.000Z";"2022-10-04T23:59:59.999Z";"2022-10-04T21:08:00.000Z";"2022-10-04T02:25:00.000Z";0.0849000558;0.0875311757;0.0842306659;0.0872536777;5723173.44;189992577.54;"2022-10-04T23:59:59.999Z"
"2022-10-03T00:00:00.000Z";"2022-10-03T23:59:59.999Z";"2022-10-03T23:33:00.000Z";"2022-10-03T09:23:00.000Z";0.0836441903;0.0852010482;0.0832183694;0.0850361168;3338184.63;185135048.03;"2022-10-03T23:59:59.999Z"
"2022-10-02T00:00:00.000Z";"2022-10-02T23:59:59.999Z";"2022-10-02T00:23:00.000Z";"2022-10-02T23:22:00.000Z";0.085377509;0.0854125461;0.083382888;0.0836432785;3278091.26;182074993.68;"2022-10-02T23:59:59.999Z"
"2022-10-01T00:00:00.000Z";"2022-10-01T23:59:59.999Z";"2022-10-01T00:16:00.000Z";"2022-10-01T17:09:00.000Z";0.0861186815;0.0862745912;0.0848447477;0.0854220357;3825144.46;185918673.6;"2022-10-01T23:59:59.999Z"
"2022-09-30T00:00:00.000Z";"2022-09-30T23:59:59.999Z";"2022-09-30T18:20:00.000Z";"2022-09-30T04:00:00.000Z";0.0856031534;0.087004106;0.084829066;0.086112888;7536323.76;187394050.52;"2022-09-30T23:59:59.999Z"
"2022-09-29T00:00:00.000Z";"2022-09-29T23:59:59.999Z";"2022-09-29T00:17:00.000Z";"2022-09-29T14:20:00.000Z";0.0853888029;0.0857363948;0.0833467548;0.0856056808;4866322.78;186261146.41;"2022-09-29T23:59:59.999Z"
"2022-09-28T00:00:00.000Z";"2022-09-28T23:59:59.999Z";"2022-09-28T21:34:00.000Z";"2022-09-28T02:48:00.000Z";0.0849166586;0.0860428517;0.0823085001;0.0853513161;5506290.62;185678259.16;"2022-09-28T23:59:59.999Z"
"2022-09-27T00:00:00.000Z";"2022-09-27T23:59:59.999Z";"2022-09-27T13:42:00.000Z";"2022-09-27T18:26:00.000Z";0.0857125361;0.087713463;0.083854285;0.0847450795;6818588.49;184331931.86;"2022-09-27T23:59:59.999Z"
"2022-09-26T00:00:00.000Z";"2022-09-26T23:59:59.999Z";"2022-09-26T00:22:00.000Z";"2022-09-26T07:02:00.000Z";0.0857351095;0.0861412885;0.0835647589;0.0857843585;4977390.91;186564809.64;"2022-09-26T23:59:59.999Z"
"2022-09-25T00:00:00.000Z";"2022-09-25T23:59:59.999Z";"2022-09-25T09:09:00.000Z";"2022-09-25T22:06:00.000Z";0.0874228119;0.0879678276;0.0851555725;0.0857208693;3421140.35;186396799.64;"2022-09-25T23:59:59.999Z"
"2022-09-24T00:00:00.000Z";"2022-09-24T23:59:59.999Z";"2022-09-24T20:08:00.000Z";"2022-09-24T07:16:00.000Z";0.0878057742;0.0881046033;0.0867586332;0.0874038302;3745773.22;190025982.06;"2022-09-24T23:59:59.999Z"
"2022-09-23T00:00:00.000Z";"2022-09-23T23:59:59.999Z";"2022-09-23T04:52:00.000Z";"2022-09-23T19:01:00.000Z";0.0879872664;0.089153374;0.0849024337;0.087792813;7598553.55;190842866.96;"2022-09-23T23:59:59.999Z"
"2022-09-22T00:00:00.000Z";"2022-09-22T23:59:59.999Z";"2022-09-22T23:16:00.000Z";"2022-09-22T00:22:00.000Z";0.0851805958;0.0883127206;0.0839639915;0.0880330748;7001894.64;191335407.21;"2022-09-22T23:59:59.999Z"
"2022-09-21T00:00:00.000Z";"2022-09-21T23:59:59.999Z";"2022-09-21T19:19:00.000Z";"2022-09-21T22:36:00.000Z";0.0856466176;0.0886663736;0.0836426983;0.084814996;11007737.6;184311713.48;"2022-09-21T23:59:59.999Z"
"2022-09-20T00:00:00.000Z";"2022-09-20T23:59:59.999Z";"2022-09-20T00:08:00.000Z";"2022-09-20T13:43:00.000Z";0.0879986694;0.0881599173;0.0850380085;0.0856679513;6944460.84;186126007.31;"2022-09-20T23:59:59.999Z"
"2022-09-19T00:00:00.000Z";"2022-09-19T23:59:59.999Z";"2022-09-19T22:58:00.000Z";"2022-09-19T07:14:00.000Z";0.0865180408;0.0882862399;0.0831328465;0.0879907054;9764027.78;191143516.23;"2022-09-19T23:59:59.999Z"
"2022-09-18T00:00:00.000Z";"2022-09-18T23:59:59.999Z";"2022-09-18T00:00:00.000Z";"2022-09-18T22:40:00.000Z";0.0927075069;0.0927075069;0.0863028348;0.0865463474;8466247.06;187974810.98;"2022-09-18T23:59:59.999Z"
"2022-09-17T00:00:00.000Z";"2022-09-17T23:59:59.999Z";"2022-09-17T17:10:00.000Z";"2022-09-17T00:00:00.000Z";0.0900434474;0.0927500732;0.0900434474;0.0927077374;4918757.91;201326961.58;"2022-09-17T23:59:59.999Z"
"2022-09-16T00:00:00.000Z";"2022-09-16T23:59:59.999Z";"2022-09-16T14:44:00.000Z";"2022-09-16T00:19:00.000Z";0.0895883652;0.091588705;0.0890724489;0.0903510975;7372879.02;197193438.1;"2022-09-16T23:59:59.999Z"
"2022-09-15T00:00:00.000Z";"2022-09-15T23:59:59.999Z";"2022-09-15T07:23:00.000Z";"2022-09-15T15:19:00.000Z";0.0920391057;0.0922982891;0.0892022701;0.0895820521;12000710.98;195461958.07;"2022-09-15T23:59:59.999Z"
"2022-09-14T00:00:00.000Z";"2022-09-14T23:59:59.999Z";"2022-09-14T21:51:00.000Z";"2022-09-14T18:18:00.000Z";0.0908805297;0.092598485;0.0903938712;0.0920482341;10664900.22;200812486.35;"2022-09-14T23:59:59.999Z"
"2022-09-13T00:00:00.000Z";"2022-09-13T23:59:59.999Z";"2022-09-13T00:02:00.000Z";"2022-09-14T00:22:00.000Z";0.1022709793;0.1023521344;0.090470865;0.0910416218;18238557.08;196653430.95;"2022-09-13T23:59:59.999Z"
"2022-09-12T00:00:00.000Z";"2022-09-12T23:59:59.999Z";"2022-09-12T14:19:00.000Z";"2022-09-12T03:41:00.000Z";0.1018627086;0.1030642808;0.0995904722;0.1023234368;13020365.41;220984972.7;"2022-09-12T23:59:59.999Z"